INTEGRATORNAME	RK4_Adaptive
CURRENTTIME	0
Global:
SEED	89542
TIMEINTERVAL	0.1
LX	166.433
LY	166.205
MINAREA	28.125
MINLENGTH	0.883883
NEWEDGELENGTH	1.76777
K	0.848528
GAMMA	1
TOTALTIME	300
INITIALSTEPSIZE	0.0001
error_tolerance_absolute_mechanical	0.01
TISSUE_ALPHA	2
TISSUE_EXT_STRESS_X	0.04
TISSUE_EXT_STRESS_Y	0.01
C4	0
NUMBER OF CELLS	10
endGlobal
Vertices
id	x	y	_EdgesNumber
40	78.8748	40.3525	3
76	120.992	96.8075	3
77	1.30277	74.3524	3
80	16.6041	8.98798	3
86	117.979	27.7482	3
115	66.4223	55.73	3
137	57.3047	3.96455	3
138	112.784	160.458	3
151	13.684	49.6868	3
153	4.31144	33.583	3
154	153.295	142.548	3
155	155.947	130.758	3
160	30.8823	106.991	3
161	28.2073	118.766	3
162	71.4601	89.2574	3
163	63.2751	152.917	3
164	94.8783	105.309	3
165	89.2872	144.45	3
167	105.52	43.2296	3
168	127.005	79.3656	3
Edges
id	vertex1	vertex2	xflag	yflag	tension	length	_cell1	_cell2
1	165	163	0	0	1	27.3554	1	7
2	163	161	0	0	1	48.9492	1	3
3	161	160	0	0	1	12.0754	1	9
4	160	162	0	0	1	44.2837	1	10
5	162	164	0	0	1	28.3913	1	8
6	164	165	0	0	1	39.5387	1	5
7	138	154	0	0	1	44.2935	2	5
8	154	80	1	1	1	44.1623	2	3
9	80	153	0	0	1	27.4959	2	4
10	153	86	1	0	1	53.0873	2	6
11	86	138	0	1	1	33.8956	2	7
12	163	137	0	1	1	18.2564	3	7
13	137	80	0	0	1	41.0094	3	4
14	154	155	0	0	1	12.0851	3	5
15	155	161	1	0	1	40.509	3	9
16	137	40	0	0	1	42.3007	4	7
17	40	115	0	0	1	19.7872	4	8
18	115	151	0	0	1	53.0834	4	10
19	151	153	0	0	1	18.6327	4	6
20	164	76	0	0	1	27.4629	5	8
21	76	155	0	0	1	48.728	5	9
22	138	165	0	0	1	28.4311	5	7
23	151	77	0	0	1	27.5987	6	10
24	77	168	1	0	1	41.0381	6	9
25	167	86	0	0	1	19.8721	6	7
27	167	40	0	0	1	26.7998	7	8
28	162	115	0	0	1	33.9038	8	10
29	168	76	0	0	1	18.4491	8	9
30	77	160	0	0	1	44.0481	9	10
31	167	168	0	0	1	42.0408	8	6
Cells
id	A0	EdgeNumb	Type	xflag	yflag	Area	Pressure	Perimeter	Centerx	Centery	EdgeList	CWVertices	dEnergy
1	2812.5	6	0	0	0	2767.66	200.594	0.0135296	64.9274	120.249	1,2,3,4,5,6,	164,162,160,161,163,165,	QUADRATIC
2	2812.5	5	0	1	1	2750.64	202.935	0.0186641	146.712	7.81493	7,8,9,10,11,	86,153,80,154,138,	QUADRATIC
3	2812.5	6	0	1	1	2764.34	204.971	0.0145292	25.0825	148.354	2,8,12,13,14,15,	163,161,155,154,80,137,	QUADRATIC
4	2812.5	6	0	0	0	2765.01	202.309	0.0143285	41.3021	30.9509	9,13,16,17,18,19,	80,153,151,115,40,137,	QUADRATIC
5	2812.5	6	0	0	0	2767.63	200.539	0.013536	119.25	129.434	6,7,14,20,21,22,	164,165,138,154,155,76,	QUADRATIC
6	2812.5	6	0	1	0	2764.93	202.27	0.0143528	143.103	52.416	10,19,23,24,25,31,	153,86,167,168,77,151,	QUADRATIC
7	2812.5	7	0	0	1	2783.18	196.911	0.00884511	89.1822	10.9563	1,11,12,16,22,25,27,	165,163,137,40,167,86,138,	QUADRATIC
8	2812.5	7	0	0	0	2783.33	196.835	0.00880188	95.1518	72.5991	5,17,20,27,28,29,31,	162,164,76,168,167,40,115,	QUADRATIC
9	2812.5	6	0	1	0	2764.45	204.848	0.0144976	159.122	101.186	3,15,21,24,29,30,	161,160,77,168,76,155,	QUADRATIC
10	2812.5	5	0	0	0	2750.85	202.918	0.0185984	37.5983	75.5577	4,18,23,28,30,	160,162,115,151,77,	QUADRATIC
End
