Voronoi Tesselation Data: 
NumbCells 10 	 rng 89542 
ratio pressure to tension	0.300000
Global:
LX	167.705098
LY	167.705098
A0	2812.500000
SEED	89542
TIMEINTERVAL	0.100000
MINAREA	28.125000
MINLENGTH	0.883883
NEWEDGELENGTH	1.767767
K	0.848528
GAMMA	1.000000
LAMBDA	27.912724
P0	128.098648
TOTALTIME	80.000000
CURRENTTIME	0.000000
VERBOSEON	1
INITIALSTEPSIZE	0.000100
error_tolerance_absolute_mechanical	0.010000
TISSUE_ALPHA	100.00
ALPHAM	0.282843
TISSUE_EXT_STRESS_X	0.000000
TISSUE_EXT_STRESS_Y	0.000000
equilibriumtolerance	1.000000e-11
endGlobal
Vertices
id	x	y
40	 83.0892	 32.8958
41	 115.2134	 80.1592
42	 118.7858	 78.9681
76	 108.6929	 103.6088
77	 159.3054	 71.3609
80	 8.3847	 8.4707
86	 153.5829	 9.9762
115	 33.8506	 56.9452
137	 82.6266	 157.0738
138	 100.0861	 146.4035
151	 9.8691	 56.9442
153	 4.0745	 12.9056
154	 2.5552	 145.4027
155	 12.3717	 129.4051
160	 15.9870	 102.8225
161	 21.8515	 124.9184
162	 43.3236	 89.2352
163	 85.9254	 147.3851
164	 92.0109	 135.2375
165	 89.9817	 142.8014
Edges
id	vertex1	vertex2	xflag	yflag
1	 165	 163	 0 	 0 
2	 163	 161	 0 	 0 
3	 161	 160	 0 	 0 
4	 160	 162	 0 	 0 
5	 162	 164	 0 	 0 
6	 164	 165	 0 	 0 
7	 138	 154	 1 	 0 
8	 154	 80	 0 	 1 
9	 80	 153	 0 	 0 
10	 153	 86	 1 	 0 
11	 86	 138	 0 	 1 
12	 163	 137	 0 	 0 
13	 137	 80	 0 	 1 
14	 154	 155	 0 	 0 
15	 155	 161	 0 	 0 
16	 137	 40	 0 	 1 
17	 40	 115	 0 	 0 
18	 115	 151	 0 	 0 
19	 151	 153	 0 	 0 
20	 164	 76	 0 	 0 
21	 76	 155	 1 	 0 
22	 138	 165	 0 	 0 
23	 151	 77	 1 	 0 
24	 77	 42	 0 	 0 
25	 42	 86	 0 	 0 
26	 42	 41	 0 	 0 
27	 41	 40	 0 	 0 
28	 162	 115	 0 	 0 
29	 41	 76	 0 	 0 
30	 77	 160	 1 	 0 
Cells
id	A0	EdgeNumb	EdgeList
1	2812.500000	6	1,2,3,4,5,6,
2	2812.500000	5	7,8,9,10,11,
3	2812.500000	6	12,13,8,14,15,2,
4	2812.500000	6	9,13,16,17,18,19,
5	2812.500000	6	20,21,14,7,22,6,
6	2812.500000	5	23,24,25,10,19,
7	2812.500000	8	25,26,27,16,12,1,22,11,
8	2812.500000	6	28,17,27,29,20,5,
9	2812.500000	7	15,21,29,26,24,30,3,
10	2812.500000	5	30,23,18,28,4,
End
