Voronoi Tesselation Data: 
NumbCells 50 	 rng 2031 
ratio pressure to tension	0.300000
Global:
LX	375.000000
LY	375.000000
A0	2812.500000
SEED	89542
TIMEINTERVAL	0.100000
MINAREA	28.125000
MINLENGTH	0.883883
NEWEDGELENGTH	1.767767
K	0.848528
GAMMA	1.000000
LAMBDA	27.912724
P0	128.098648
TOTALTIME	10.000000
CURRENTTIME	0.000000
VERBOSEON	1
INITIALSTEPSIZE	0.000100
error_tolerance_absolute_mechanical	0.010000
TISSUE_ALPHA	100.00
ALPHAM	0.282843
TISSUE_EXT_STRESS_X	0.000000
TISSUE_EXT_STRESS_Y	0.000000
equilibriumtolerance	1.000000e-11
NUCLEATIONTHRESHOLD	1.450000
NUCLEATIONBASECRITERIA	1.000000e+00
endGlobal
Vertices
id	x	y
49	 5.7343	 38.8089
64	 16.8188	 111.7283
65	 42.7176	 76.0421
66	 52.3294	 142.3747
71	 221.6489	 364.3616
72	 71.7589	 297.4603
73	 146.5879	 327.4854
78	 56.7277	 353.0127
172	 39.9749	 203.4062
173	 29.5059	 172.9246
175	 10.5038	 112.7510
189	 8.8023	 262.0353
192	 72.2569	 282.2916
193	 43.6856	 262.1220
194	 90.2163	 260.4236
195	 89.2204	 265.2227
196	 47.3757	 207.2345
197	 63.7843	 206.2898
204	 145.2057	 336.1328
205	 115.9086	 363.6728
218	 48.3960	 335.3688
219	 48.3852	 335.5586
465	 126.0395	 38.7254
466	 141.4757	 91.2845
577	 344.3248	 359.0383
578	 289.1932	 355.3907
579	 303.1213	 365.8033
580	 366.6836	 291.4438
581	 340.5137	 299.4996
582	 329.9564	 293.7219
583	 155.1763	 277.6344
584	 158.1595	 312.3643
627	 158.5774	 94.7371
628	 178.8404	 128.2310
629	 208.1711	 132.6445
630	 81.9915	 46.9145
631	 120.3082	 35.3922
634	 52.2324	 3.9705
635	 128.1145	 99.5947
636	 65.0375	 74.8968
637	 70.8580	 70.0981
641	 348.1414	 361.7946
730	 277.3390	 323.0865
731	 282.1029	 312.0969
732	 223.7930	 331.8857
733	 213.2002	 317.8567
754	 320.9281	 265.8556
755	 129.0548	 160.1422
756	 150.2217	 166.5689
757	 90.9023	 188.4873
758	 90.3111	 190.5359
759	 118.4848	 222.1349
760	 223.9172	 172.9527
761	 114.8141	 131.8439
762	 115.8583	 119.8265
763	 72.3869	 107.0367
764	 67.9815	 147.2736
765	 57.4974	 141.6265
801	 227.2182	 110.9318
803	 302.3746	 163.1108
804	 265.6879	 110.6896
805	 276.1817	 98.5246
806	 300.4171	 93.8513
812	 236.0748	 174.7915
813	 273.5201	 148.6717
814	 302.1384	 163.1723
815	 162.3032	 190.1881
816	 200.9690	 194.6730
817	 144.7517	 222.5613
818	 163.3236	 260.2564
819	 213.7022	 247.1619
836	 197.4945	 59.8851
837	 210.2458	 62.9566
838	 177.5028	 24.9636
839	 182.1137	 7.8117
841	 239.8265	 4.9599
843	 293.5116	 32.4293
844	 312.4553	 49.7685
850	 365.2772	 37.8126
851	 359.6530	 43.6701
852	 326.7227	 137.4018
853	 324.6339	 108.4220
854	 364.9105	 153.3665
856	 355.4286	 93.1336
865	 368.7709	 163.7332
866	 348.6217	 197.9256
867	 349.2073	 211.3609
868	 355.1269	 220.2755
869	 367.7122	 226.0708
870	 262.8072	 208.4688
871	 294.3413	 249.1881
872	 292.1051	 217.7787
873	 285.1006	 209.9794
874	 258.6569	 270.8092
875	 232.7416	 262.9411
876	 226.8165	 253.7611
877	 226.9824	 54.3818
878	 242.2565	 13.8910
879	 260.5083	 64.7613
880	 283.0909	 34.8857
Edges
id	vertex1	vertex2	xflag	yflag
1	 762	 635	 0 	 0 
2	 635	 466	 0 	 0 
3	 466	 627	 0 	 0 
4	 627	 628	 0 	 0 
5	 628	 756	 0 	 0 
6	 756	 755	 0 	 0 
7	 755	 761	 0 	 0 
8	 761	 762	 0 	 0 
9	 812	 760	 0 	 0 
10	 760	 629	 0 	 0 
11	 629	 801	 0 	 0 
12	 801	 804	 0 	 0 
13	 804	 813	 0 	 0 
14	 813	 812	 0 	 0 
15	 759	 194	 0 	 0 
16	 194	 197	 0 	 0 
17	 197	 758	 0 	 0 
18	 758	 759	 0 	 0 
19	 875	 733	 0 	 0 
20	 733	 584	 0 	 0 
21	 584	 583	 0 	 0 
22	 583	 818	 0 	 0 
23	 818	 819	 0 	 0 
24	 819	 876	 0 	 0 
25	 876	 875	 0 	 0 
26	 880	 843	 0 	 0 
27	 843	 844	 0 	 0 
28	 844	 806	 0 	 0 
29	 806	 805	 0 	 0 
30	 805	 879	 0 	 0 
31	 879	 880	 0 	 0 
32	 765	 763	 0 	 0 
33	 763	 762	 0 	 0 
34	 761	 764	 0 	 0 
35	 764	 765	 0 	 0 
36	 853	 806	 0 	 0 
37	 844	 851	 0 	 0 
38	 851	 856	 0 	 0 
39	 856	 853	 0 	 0 
40	 641	 577	 0 	 0 
41	 577	 581	 0 	 0 
42	 581	 580	 0 	 0 
43	 580	 218	 1 	 0 
44	 218	 219	 0 	 0 
45	 219	 641	 1 	 0 
46	 815	 756	 0 	 0 
47	 628	 629	 0 	 0 
48	 760	 816	 0 	 0 
49	 816	 815	 0 	 0 
50	 584	 73	 0 	 0 
51	 73	 72	 0 	 0 
52	 72	 192	 0 	 0 
53	 192	 195	 0 	 0 
54	 195	 583	 0 	 0 
55	 819	 816	 0 	 0 
56	 812	 870	 0 	 0 
57	 870	 876	 0 	 0 
58	 870	 873	 0 	 0 
59	 873	 872	 0 	 0 
60	 872	 871	 0 	 0 
61	 871	 874	 0 	 0 
62	 874	 875	 0 	 0 
63	 636	 65	 0 	 0 
64	 65	 49	 0 	 0 
65	 49	 634	 0 	 0 
66	 634	 630	 0 	 0 
67	 630	 637	 0 	 0 
68	 637	 636	 0 	 0 
69	 764	 757	 0 	 0 
70	 757	 758	 0 	 0 
71	 197	 196	 0 	 0 
72	 196	 172	 0 	 0 
73	 172	 173	 0 	 0 
74	 173	 66	 0 	 0 
75	 66	 765	 0 	 0 
76	 731	 582	 0 	 0 
77	 582	 581	 0 	 0 
78	 577	 579	 0 	 0 
79	 579	 578	 0 	 0 
80	 578	 730	 0 	 0 
81	 730	 731	 0 	 0 
82	 755	 757	 0 	 0 
83	 851	 850	 0 	 0 
84	 850	 49	 1 	 0 
85	 65	 64	 0 	 0 
86	 64	 175	 0 	 0 
87	 175	 856	 1 	 0 
88	 869	 189	 1 	 0 
89	 189	 580	 1 	 0 
90	 582	 754	 0 	 0 
91	 754	 868	 0 	 0 
92	 868	 869	 0 	 0 
93	 873	 814	 0 	 0 
94	 814	 803	 0 	 0 
95	 803	 866	 0 	 0 
96	 866	 867	 0 	 0 
97	 867	 872	 0 	 0 
98	 843	 579	 0 	 1 
99	 641	 850	 0 	 1 
100	 837	 801	 0 	 0 
101	 627	 836	 0 	 0 
102	 836	 837	 0 	 0 
103	 871	 754	 0 	 0 
104	 731	 874	 0 	 0 
105	 879	 877	 0 	 0 
106	 877	 878	 0 	 0 
107	 878	 880	 0 	 0 
108	 803	 852	 0 	 0 
109	 852	 854	 0 	 0 
110	 854	 865	 0 	 0 
111	 865	 866	 0 	 0 
112	 730	 732	 0 	 0 
113	 732	 733	 0 	 0 
114	 854	 175	 1 	 0 
115	 64	 66	 0 	 0 
116	 173	 865	 1 	 0 
117	 194	 195	 0 	 0 
118	 192	 193	 0 	 0 
119	 193	 196	 0 	 0 
120	 763	 636	 0 	 0 
121	 637	 635	 0 	 0 
122	 466	 465	 0 	 0 
123	 465	 838	 0 	 0 
124	 838	 836	 0 	 0 
125	 172	 869	 1 	 0 
126	 868	 867	 0 	 0 
127	 465	 631	 0 	 0 
128	 631	 205	 0 	 1 
129	 205	 204	 0 	 0 
130	 204	 839	 0 	 1 
131	 839	 838	 0 	 0 
132	 814	 813	 0 	 0 
133	 804	 805	 0 	 0 
134	 853	 852	 0 	 0 
135	 218	 72	 0 	 0 
136	 73	 204	 0 	 0 
137	 205	 78	 0 	 0 
138	 78	 219	 0 	 0 
139	 877	 837	 0 	 0 
140	 839	 71	 0 	 1 
141	 71	 841	 0 	 1 
142	 841	 878	 0 	 0 
143	 817	 759	 0 	 0 
144	 815	 817	 0 	 0 
145	 193	 189	 0 	 0 
146	 631	 630	 0 	 0 
147	 634	 78	 0 	 1 
148	 817	 818	 0 	 0 
149	 841	 578	 0 	 1 
150	 732	 71	 0 	 0 
Cells
id	A0	EdgeNumb	EdgeList	Potential	TCJStrength	ThetaAn	AnStrength	CellPressureType
1	2748.267008	8	1,2,3,4,5,6,7,8,	ani	100.000000	1.570000	25.000000	quadratic
2	2572.612109	6	9,10,11,12,13,14,	ani	100.000000	1.570000	25.000000	quadratic
3	2894.215134	4	15,16,17,18,	ani	100.000000	1.570000	25.000000	quadratic
4	3131.853284	7	19,20,21,22,23,24,25,	ani	100.000000	1.570000	25.000000	quadratic
5	2770.024832	6	26,27,28,29,30,31,	ani	100.000000	1.570000	25.000000	quadratic
6	2713.317135	5	32,33,8,34,35,	ani	100.000000	1.570000	25.000000	quadratic
7	2748.352033	5	36,28,37,38,39,	ani	100.000000	1.570000	25.000000	quadratic
8	2806.439500	6	40,41,42,43,44,45,	ani	100.000000	1.570000	25.000000	quadratic
9	2721.819530	6	46,5,47,10,48,49,	ani	100.000000	1.570000	25.000000	quadratic
10	2839.507849	6	50,51,52,53,54,21,	ani	100.000000	1.570000	25.000000	quadratic
11	2963.924436	6	24,55,48,9,56,57,	ani	100.000000	1.570000	25.000000	quadratic
12	3061.868251	7	57,58,59,60,61,62,25,	ani	100.000000	1.570000	25.000000	quadratic
13	2772.674550	6	63,64,65,66,67,68,	ani	100.000000	1.570000	25.000000	quadratic
14	2592.523352	9	69,70,17,71,72,73,74,75,35,	ani	100.000000	1.570000	25.000000	quadratic
15	2948.577967	7	76,77,41,78,79,80,81,	ani	100.000000	1.570000	25.000000	quadratic
16	2940.179532	4	7,82,69,34,	ani	100.000000	1.570000	25.000000	quadratic
17	2517.025084	7	83,84,64,85,86,87,38,	ani	100.000000	1.570000	25.000000	quadratic
18	2792.226035	7	88,89,42,77,90,91,92,	ani	100.000000	1.570000	25.000000	quadratic
19	2487.332253	6	93,94,95,96,97,59,	ani	100.000000	1.570000	25.000000	quadratic
20	2543.772242	7	37,27,98,78,40,99,83,	ani	100.000000	1.570000	25.000000	quadratic
21	2598.131881	6	100,11,47,4,101,102,	ani	100.000000	1.570000	25.000000	quadratic
22	2983.512711	5	103,90,76,104,61,	ani	100.000000	1.570000	25.000000	quadratic
23	2796.771235	4	105,106,107,31,	ani	100.000000	1.570000	25.000000	quadratic
24	2667.990398	5	95,108,109,110,111,	ani	100.000000	1.570000	25.000000	quadratic
25	2563.579151	6	104,81,112,113,19,62,	ani	100.000000	1.570000	25.000000	quadratic
26	3039.188922	6	114,86,115,74,116,110,	ani	100.000000	1.570000	25.000000	quadratic
27	2723.763463	6	16,117,53,118,119,71,	ani	100.000000	1.570000	25.000000	quadratic
28	2966.004152	5	120,68,121,1,33,	ani	100.000000	1.570000	25.000000	quadratic
29	2912.714425	5	101,3,122,123,124,	ani	100.000000	1.570000	25.000000	quadratic
30	3005.506601	7	116,73,125,92,126,96,111,	ani	100.000000	1.570000	25.000000	quadratic
31	2725.164675	6	123,127,128,129,130,131,	ani	100.000000	1.570000	25.000000	quadratic
32	2934.088650	5	97,126,91,103,60,	ani	100.000000	1.570000	25.000000	quadratic
33	2832.087350	8	108,94,132,13,133,29,36,134,	ani	100.000000	1.570000	25.000000	quadratic
34	3098.382935	7	135,51,136,129,137,138,44,	ani	100.000000	1.570000	25.000000	quadratic
35	2975.497387	8	139,102,124,131,140,141,142,106,	ani	100.000000	1.570000	25.000000	quadratic
36	2833.402663	7	143,18,70,82,6,46,144,	ani	100.000000	1.570000	25.000000	quadratic
37	2540.570448	6	75,115,85,63,120,32,	ani	100.000000	1.570000	25.000000	quadratic
38	3117.919693	6	30,133,12,100,139,105,	ani	100.000000	1.570000	25.000000	quadratic
39	3021.185932	5	145,88,125,72,119,	ani	100.000000	1.570000	25.000000	quadratic
40	3241.796780	5	137,128,146,66,147,	ani	100.000000	1.570000	25.000000	quadratic
41	2570.557125	5	56,14,132,93,58,	ani	100.000000	1.570000	25.000000	quadratic
42	2737.995357	6	22,54,117,15,143,148,	ani	100.000000	1.570000	25.000000	quadratic
43	2704.677004	5	148,144,49,55,23,	ani	100.000000	1.570000	25.000000	quadratic
44	2857.757252	6	67,146,127,122,2,121,	ani	100.000000	1.570000	25.000000	quadratic
45	2646.895236	6	142,149,79,98,26,107,	ani	100.000000	1.570000	25.000000	quadratic
46	2690.840897	7	150,140,130,136,50,20,113,	ani	100.000000	1.570000	25.000000	quadratic
47	2446.555497	5	80,149,141,150,112,	ani	100.000000	1.570000	25.000000	quadratic
48	3001.334204	5	114,109,134,39,87,	ani	100.000000	1.570000	25.000000	quadratic
49	3200.481848	6	89,145,118,52,135,43,	ani	100.000000	1.570000	25.000000	quadratic
50	3000.646691	6	138,147,65,84,99,45,	ani	100.000000	1.570000	25.000000	quadratic
End
