Voronoi Tesselation Data: 
NumbCells 400 	 rng 2031 
ratio pressure to tension	3.333333
Global:
LX	750.000000
LY	750.000000
A0	1406.250000
SEED	89542
TIMEINTERVAL	1.000000
MINAREA	14.062500
MINLENGTH	0.625000
NEWEDGELENGTH	1.250000
K	1.333333
GAMMA	10.000000
TOTALTIME	100.000000
CURRENTTIME	0.000000
VERBOSEON	1
INITIALSTEPSIZE	0.000100
error_tolerance_absolute_mechanical	0.010000
TISSUE_ALPHA	4.00
ALPHAM	0.400000
TISSUE_EXT_STRESS_X	0.000000
TISSUE_EXT_STRESS_Y	0.000000
equilibriumtolerance	1.000000e-02
NUCLEATIONTHRESHOLD	2.000000
NUCLEATIONBASECRITERIA	1
endGlobal
Vertices
id	x	y
127	 91.3572	 238.3079
131	 0.3909	 144.6301
313	 245.7244	 430.1843
314	 233.3991	 456.5071
315	 231.7025	 456.9412
316	 344.2725	 312.2413
317	 370.0598	 336.6012
318	 268.3191	 417.0074
319	 364.9439	 169.7218
320	 8.3753	 202.2142
325	 85.4847	 424.7789
326	 102.5724	 421.6369
327	 65.1787	 407.5883
332	 6.0326	 563.7082
338	 380.0852	 412.9193
339	 369.5883	 395.1821
340	 329.2628	 395.6145
341	 316.9630	 364.5175
342	 368.6764	 349.5177
343	 379.3200	 366.2787
344	 292.0303	 432.2771
345	 363.8147	 465.2066
346	 368.9487	 442.7219
347	 369.4203	 444.6026
348	 326.6150	 473.8056
349	 318.4214	 422.3369
350	 305.0623	 432.0254
351	 362.3806	 118.7034
352	 337.6087	 193.5276
371	 154.5283	 317.1130
372	 130.8885	 333.6011
373	 141.6348	 332.4429
382	 3.8686	 41.9815
855	 208.5166	 410.7689
856	 344.9010	 308.9947
857	 368.1220	 283.1363
858	 382.7631	 172.2618
859	 389.9060	 129.1267
860	 419.8382	 173.7542
861	 387.3881	 177.1298
862	 82.7797	 324.7302
876	 72.3712	 443.2629
877	 45.3039	 437.2815
878	 37.4629	 462.3026
903	 68.4009	 372.4278
904	 57.1591	 336.5510
905	 17.1830	 422.3781
906	 34.9784	 378.8735
907	 42.1123	 414.5094
908	 37.2774	 421.4214
909	 183.8925	 463.6767
910	 171.6045	 483.4550
911	 196.3185	 500.3915
912	 211.6313	 480.5025
913	 211.4649	 489.0332
914	 70.6462	 373.7315
915	 73.1053	 381.3138
916	 103.9772	 398.6441
918	 11.1195	 546.5017
919	 122.9279	 516.8810
920	 148.2010	 523.8379
921	 161.8734	 515.3575
922	 161.1810	 487.9066
923	 141.9833	 478.8612
926	 739.5205	 189.2910
927	 745.8689	 237.2341
939	 519.3632	 271.9403
940	 527.6148	 324.4068
941	 416.0139	 411.0461
942	 417.4836	 367.6291
943	 424.2620	 362.1308
952	 368.3352	 87.5783
953	 348.8599	 148.8832
954	 360.7692	 119.3971
955	 323.9389	 154.7676
956	 314.4536	 151.0699
957	 125.8346	 215.8074
958	 336.9333	 202.0168
959	 335.6860	 199.5473
963	 197.6535	 137.7727
1003	 138.5712	 130.5159
1502	 25.4814	 596.2199
1808	 182.7585	 445.4628
1809	 190.5435	 438.4644
1810	 193.8639	 425.0415
1811	 140.2712	 384.0854
1812	 151.4314	 399.4039
1813	 162.2666	 398.5612
1814	 158.1942	 355.7237
1815	 180.1789	 356.8580
1816	 209.2478	 403.3948
1817	 221.7027	 363.2625
1818	 187.1335	 367.9378
1819	 185.7604	 379.4751
1820	 374.7488	 282.0735
1821	 394.5670	 317.5742
1822	 310.0909	 359.4638
1823	 328.0219	 319.6007
1824	 445.8798	 252.6235
1825	 47.4816	 293.5978
1826	 72.2521	 257.5735
1840	 20.0413	 370.3019
1841	 20.1085	 370.5069
1845	 76.3845	 460.5286
1846	 50.5982	 471.6517
1881	 20.6543	 367.2189
1882	 50.7460	 334.4259
1883	 131.8794	 381.6069
1884	 116.6209	 385.0073
1885	 121.5154	 342.3350
1886	 101.0203	 346.4218
1887	 95.6423	 359.2461
1888	 35.6281	 544.5438
1889	 25.6152	 540.6286
1890	 28.8332	 506.1599
1891	 54.1259	 497.9844
1892	 15.9699	 494.7373
1893	 19.0901	 467.3761
1894	 0.5891	 452.2798
1911	 736.0708	 158.3573
1912	 700.8483	 153.9408
1913	 692.9628	 143.2829
1914	 711.6339	 201.0631
1915	 681.4851	 232.9604
1916	 687.2629	 195.7215
1917	 691.6983	 193.6862
1918	 696.2776	 241.1314
1919	 739.3700	 240.4557
1920	 719.5972	 230.7794
1929	 662.0130	 240.8237
1930	 655.4493	 189.5458
1931	 640.2514	 218.3143
1932	 616.3861	 223.6322
1933	 605.1371	 218.4468
1934	 606.0402	 219.5528
1935	 669.4080	 0.5719
1936	 487.5524	 232.2717
1937	 516.9521	 230.0982
1938	 469.7061	 318.0639
1939	 509.0066	 305.4640
1940	 514.1391	 275.4874
1941	 471.4280	 269.4084
1942	 478.2655	 266.4653
1945	 413.8485	 452.6095
1946	 372.2237	 480.2260
1947	 413.9582	 476.0405
1948	 422.8572	 488.5818
1949	 521.0487	 469.5404
1950	 604.4106	 439.2209
1953	 740.2826	 453.3364
1954	 725.0422	 484.4817
1955	 734.9846	 613.6264
1961	 476.1972	 337.0396
1962	 508.9957	 351.3906
1963	 532.9575	 431.0933
1964	 520.8262	 422.7949
1965	 561.2207	 398.3051
1966	 537.9219	 324.2986
1967	 316.4869	 496.5242
2006	 442.1180	 37.1612
2007	 418.3604	 39.9375
2008	 400.0488	 69.5245
2009	 399.9598	 64.7958
2010	 109.8675	 240.6042
2011	 124.6761	 226.1746
2012	 166.8714	 207.7751
2013	 126.1702	 215.4299
2014	 303.8520	 195.7967
2015	 293.9231	 158.8408
2016	 299.0004	 159.7376
2025	 193.9512	 32.1051
2026	 171.7309	 57.1427
2027	 152.8992	 44.5108
2028	 206.2239	 138.2789
2030	 330.5381	 111.0714
2031	 314.1215	 122.1737
2037	 402.8616	 8.8381
2038	 389.0396	 5.0818
2110	 163.9031	 146.8578
2111	 151.5673	 172.8067
2112	 189.8502	 142.6503
2113	 175.5950	 141.7692
2114	 195.9012	 190.1542
2115	 172.9099	 195.6345
2116	 133.0387	 131.1430
2117	 27.1294	 149.3546
2593	 49.8431	 568.4306
2594	 37.0143	 592.4374
2901	 146.1888	 413.4226
2902	 111.4533	 428.5666
2903	 114.7260	 442.2045
2904	 141.8756	 457.1655
2905	 159.2287	 442.2323
2906	 425.0203	 338.9088
2907	 406.7508	 317.6145
2908	 423.6342	 290.9729
2909	 461.6283	 301.7955
2910	 467.7245	 316.6843
2911	 296.5266	 358.1178
2912	 266.5419	 405.7048
2913	 234.8870	 377.5348
2914	 234.5683	 375.3062
2915	 264.9608	 344.5291
2916	 294.4894	 356.3320
2917	 293.5607	 296.0907
2918	 290.9146	 291.7594
2919	 418.8536	 274.8367
2920	 430.7397	 255.5898
2921	 385.6576	 269.2907
2922	 26.0122	 271.4125
2923	 44.1575	 282.7680
2924	 24.5113	 250.0651
2925	 67.0843	 257.0088
2926	 45.2419	 235.5786
2927	 46.9936	 235.7874
2933	 120.0959	 512.8777
2934	 127.4686	 487.4897
2935	 97.8767	 469.4321
2936	 90.9055	 471.4381
2952	 36.1721	 315.8412
2953	 36.2011	 316.5941
2957	 9.3612	 333.1437
2970	 740.3669	 101.6283
2971	 738.8052	 105.5546
2972	 700.7733	 60.6606
2973	 680.2327	 108.6199
2974	 693.4394	 123.8182
2975	 748.2999	 401.6578
2976	 735.0521	 255.9225
2977	 747.0108	 290.5576
2978	 747.8775	 288.0950
2979	 700.2115	 271.7024
2997	 606.4431	 270.1744
2998	 623.6374	 260.3268
2999	 619.1085	 299.4305
3000	 630.2442	 299.0139
3001	 592.2706	 269.8803
3002	 582.7894	 257.2987
3003	 561.1099	 253.4535
3004	 544.0397	 273.9524
3005	 556.2046	 295.6609
3006	 572.4012	 146.7461
3007	 599.9286	 184.0734
3008	 638.8551	 4.7828
3010	 456.5720	 221.8355
3011	 472.9878	 217.6860
3012	 432.9596	 188.4495
3013	 432.2563	 204.6442
3014	 519.7574	 226.9412
3015	 555.2302	 219.3708
3016	 551.9758	 224.0729
3017	 477.3194	 460.9452
3018	 431.2414	 490.2813
3019	 453.7338	 371.6697
3020	 462.8847	 368.3166
3021	 371.9323	 499.9398
3022	 401.0166	 513.5360
3023	 609.6357	 436.7351
3024	 585.9904	 481.4368
3025	 598.3345	 468.9913
3026	 535.1195	 436.6826
3027	 534.4644	 448.1073
3028	 592.6133	 436.1920
3029	 602.9875	 440.5497
3030	 733.2882	 612.1556
3031	 725.2049	 583.2052
3032	 689.3803	 519.5474
3033	 642.8672	 488.9600
3036	 730.8050	 499.4292
3037	 734.2003	 501.5720
3038	 741.3137	 534.9721
3039	 692.2942	 521.1379
3040	 705.4876	 549.2498
3050	 510.3420	 357.0458
3051	 535.5303	 373.8257
3052	 515.6252	 401.7451
3053	 490.1437	 385.0041
3054	 489.9597	 384.3543
3055	 608.7431	 306.4913
3056	 582.6206	 295.7718
3057	 576.6875	 299.1500
3058	 277.9649	 597.3310
3059	 245.0124	 580.7771
3060	 249.9969	 607.5880
3061	 182.9715	 548.0238
3062	 193.1869	 517.0769
3063	 182.5417	 524.2783
3064	 181.8368	 590.0174
3065	 151.1644	 555.7162
3066	 180.2007	 550.3619
3067	 269.4408	 569.0232
3068	 290.7597	 543.3332
3069	 276.9429	 575.7171
3070	 272.6296	 569.6950
3071	 321.5381	 503.6602
3072	 357.0743	 514.5042
3073	 359.6256	 538.0824
3074	 320.4729	 551.3938
3075	 315.3190	 545.6078
3077	 311.6407	 577.2427
3078	 321.6159	 563.7859
3114	 576.6898	 0.5927
3115	 561.7946	 11.9224
3117	 592.6881	 38.5175
3118	 564.6194	 48.2434
3119	 565.5597	 48.8625
3120	 535.6201	 58.1613
3121	 548.1302	 47.9890
3122	 457.9441	 67.8499
3123	 412.9889	 85.3984
3124	 435.0588	 88.9735
3125	 400.8021	 125.7446
3126	 428.4062	 141.0516
3127	 532.4663	 80.2422
3128	 115.0441	 266.0785
3129	 112.6739	 305.5902
3130	 87.8703	 278.2113
3131	 88.2573	 305.2265
3132	 84.7044	 298.9740
3133	 153.8713	 312.2387
3134	 128.2477	 288.2145
3135	 129.8262	 275.5348
3137	 178.3933	 10.3611
3138	 152.1184	 15.7416
3140	 171.9691	 59.6354
3141	 162.9046	 103.2889
3142	 155.5558	 101.2452
3143	 79.5785	 100.2281
3144	 305.7522	 34.9105
3145	 339.1385	 67.2882
3146	 325.7805	 78.8101
3147	 229.8247	 95.2831
3148	 187.9151	 76.9891
3149	 194.9245	 103.2843
3150	 186.1632	 95.4865
3151	 207.7321	 34.3723
3152	 220.3501	 65.1481
3153	 222.6925	 66.5989
3154	 236.2029	 114.5646
3155	 234.6489	 99.7858
3156	 271.8072	 127.9923
3157	 255.1869	 132.4483
3158	 286.2027	 108.9641
3207	 121.3207	 146.3514
3208	 97.8315	 133.8168
3209	 31.3460	 168.4035
3210	 21.0108	 199.3019
3211	 25.9599	 202.1316
3212	 7.5025	 32.2758
3213	 0.2089	 20.2147
3617	 87.3263	 551.9334
3618	 71.0073	 570.1036
4006	 215.3529	 306.1596
4007	 219.1879	 338.5775
4008	 228.5017	 327.6285
4009	 193.1377	 307.5922
4010	 188.8355	 334.0782
4011	 184.5890	 322.7966
4012	 241.8739	 326.2136
4013	 260.4833	 336.4760
4014	 248.6247	 291.6950
4015	 279.5283	 296.4058
4016	 267.0071	 171.6044
4017	 249.1984	 150.9787
4018	 229.7185	 159.1525
4019	 291.7710	 205.2522
4020	 263.5330	 186.4890
4021	 183.1473	 279.5224
4022	 291.3950	 290.4665
4023	 324.7026	 277.7241
4024	 325.5242	 241.6368
4025	 335.0483	 251.8947
4026	 335.6140	 258.8764
4027	 368.5655	 238.3802
4028	 382.2818	 248.0368
4029	 367.1094	 213.9131
4030	 384.6139	 201.5939
4031	 411.5571	 221.7478
4032	 410.7900	 229.1639
4046	 56.4585	 499.0248
4047	 87.0192	 482.3457
4048	 97.2464	 512.2255
4049	 76.5559	 528.0536
4050	 74.5830	 527.3867
4051	 656.8000	 351.9717
4052	 640.9042	 328.4331
4053	 651.9355	 334.7343
4054	 607.1350	 333.3365
4055	 580.4644	 337.7101
4056	 590.0487	 384.9135
4057	 593.7803	 382.5872
4058	 600.1484	 342.7645
4059	 599.8444	 342.0506
4060	 675.9013	 355.5944
4061	 698.9212	 274.3571
4062	 669.2546	 309.6202
4084	 628.9063	 162.3202
4085	 642.0465	 160.2396
4086	 640.5508	 162.1492
4087	 646.6261	 114.8607
4088	 592.3257	 181.0931
4089	 573.0885	 156.4389
4090	 555.0724	 198.9335
4091	 472.3940	 453.7989
4092	 456.8774	 455.2283
4093	 478.9954	 431.2672
4094	 471.9335	 418.0372
4095	 451.4060	 408.4838
4096	 424.0463	 417.9640
4097	 425.2483	 439.4747
4098	 475.4228	 480.4636
4099	 444.1856	 501.7086
4100	 366.2021	 544.5624
4101	 584.1667	 486.3263
4102	 642.2659	 528.4036
4103	 643.9072	 529.3683
4106	 658.7133	 405.2491
4107	 627.7405	 410.5061
4108	 618.1233	 385.7778
4109	 646.7496	 363.3661
4110	 633.8679	 366.3012
4111	 662.6885	 450.5992
4112	 669.6753	 466.8620
4113	 671.6878	 412.0097
4114	 683.3499	 470.2378
4115	 681.1645	 470.7609
4116	 717.0754	 434.9567
4117	 704.0558	 555.2984
4118	 711.5053	 574.1856
4119	 659.3130	 565.2589
4128	 725.2040	 660.5895
4129	 744.1240	 669.5589
4135	 232.6981	 576.3688
4136	 224.3182	 548.4396
4137	 205.9440	 554.8175
4138	 198.9009	 589.0198
4139	 211.8069	 595.9173
4140	 317.3333	 680.1062
4141	 317.9540	 678.4985
4142	 246.2662	 614.1438
4143	 213.7342	 601.1027
4144	 279.0445	 526.1825
4145	 293.7485	 496.6364
4146	 258.5828	 481.5448
4147	 273.3465	 479.6108
4148	 312.4822	 600.0664
4149	 309.5425	 637.9047
4252	 640.4005	 40.7514
4253	 700.4000	 60.5596
4254	 683.1666	 77.1729
4255	 690.0702	 30.1345
4256	 689.7908	 30.0055
4257	 607.6896	 58.3192
4258	 629.9586	 101.2708
4259	 643.0574	 68.3026
4260	 636.5883	 54.9062
4261	 633.5758	 9.6806
4262	 631.7975	 20.9876
4264	 583.7379	 3.3150
4265	 595.9660	 28.0611
4267	 446.5754	 38.5507
4268	 454.3151	 44.1749
4269	 517.6539	 48.7730
4270	 499.1777	 61.9284
4271	 468.3410	 111.6052
4272	 449.7725	 113.6373
4273	 438.1173	 137.5736
4274	 467.6982	 156.7728
4275	 525.1367	 83.1369
4276	 512.0080	 104.7848
4277	 499.0327	 62.8504
4278	 482.0422	 86.7569
4279	 480.5049	 79.6620
4280	 468.6655	 174.8495
4281	 468.8513	 174.4370
4282	 478.4512	 202.0721
4283	 511.6888	 196.9436
4284	 512.3861	 107.8129
4285	 488.5712	 131.3178
4286	 488.6712	 137.2795
4287	 532.6166	 123.6986
4288	 533.4652	 141.4465
4289	 144.5767	 11.6603
4293	 128.5594	 54.2649
4294	 108.0335	 19.7374
4295	 116.4370	 22.4993
4296	 154.9635	 100.5445
4297	 153.4863	 77.6616
4298	 123.7169	 65.3764
4299	 58.4812	 63.2586
4300	 69.5385	 94.4268
4301	 38.2192	 109.1406
4302	 14.2309	 86.9940
4303	 15.4079	 83.4741
4304	 323.0535	 18.4168
4305	 317.0838	 31.0837
4306	 342.2947	 9.9283
4307	 340.3573	 59.0716
4308	 367.0667	 24.5236
4309	 367.3798	 39.2112
4310	 298.5710	 76.5741
4311	 282.9798	 92.3357
4312	 268.0317	 86.6239
4313	 293.9858	 54.3905
4314	 258.4031	 46.3628
4315	 254.8194	 53.4444
4316	 256.9471	 32.2780
4317	 277.8287	 16.3333
4319	 231.3844	 14.4062
4359	 63.6039	 179.1503
4360	 93.8886	 200.2257
4361	 64.6082	 195.8376
4362	 76.3277	 208.9351
4363	 76.2543	 208.9203
4364	 89.3786	 139.0641
4365	 71.7513	 167.5273
4693	 115.1565	 554.2310
4694	 105.9745	 557.2914
4695	 74.6140	 614.9518
4696	 82.6419	 604.8680
4697	 72.5358	 628.9737
4698	 103.4720	 598.5488
4702	 108.2958	 730.5591
4705	 24.9254	 634.7794
4707	 12.9613	 615.2332
4708	 65.3818	 672.0332
4709	 78.3772	 690.1425
4710	 113.4528	 687.8856
4711	 112.6069	 649.6987
4712	 78.0933	 641.0641
4718	 33.2721	 722.3684
4719	 81.1013	 728.0785
4720	 71.3511	 716.5706
5020	 215.0028	 273.4574
5021	 227.2879	 283.9429
5022	 240.1900	 283.4327
5023	 168.1533	 281.9026
5024	 182.7200	 279.2608
5025	 144.4879	 268.7970
5026	 150.4106	 246.3880
5027	 171.8626	 236.7901
5028	 182.4964	 242.6736
5029	 285.1878	 265.8426
5030	 254.6656	 252.1728
5031	 288.9144	 220.7008
5032	 302.7847	 239.8953
5051	 550.8177	 336.7735
5052	 576.6052	 339.3132
5053	 541.4564	 373.3510
5054	 563.7126	 386.3055
5055	 564.5407	 385.9054
5056	 692.8097	 378.4489
5057	 717.6986	 374.3108
5058	 680.2769	 408.8099
5059	 734.6200	 401.9886
5060	 714.9469	 424.8262
5061	 726.5437	 357.4591
5063	 636.8789	 292.8416
5064	 658.0262	 291.1582
5065	 629.4774	 262.8519
5066	 658.4844	 256.2144
5067	 666.5476	 270.8409
5072	 704.7185	 17.1007
5100	 574.3709	 143.4841
5101	 603.0647	 133.1442
5102	 544.6892	 532.7288
5103	 405.3046	 533.4688
5104	 404.9466	 534.0326
5105	 562.7616	 535.9062
5106	 586.7396	 508.6712
5107	 622.5908	 532.9697
5108	 571.5645	 555.9817
5109	 604.0247	 564.2615
5113	 743.4691	 705.1233
5119	 273.6677	 727.9616
5120	 269.5814	 714.3616
5121	 279.5456	 682.7558
5122	 276.3066	 678.7955
5125	 230.9275	 749.9045
5126	 186.5748	 736.1780
5127	 277.5470	 637.6076
5128	 270.8905	 659.6833
5129	 247.3312	 622.2332
5130	 258.0706	 526.8889
5131	 248.3671	 542.1998
5132	 231.8313	 504.6033
5133	 245.0197	 502.6910
5134	 217.8856	 526.9255
5135	 224.4469	 548.2276
5136	 345.4655	 578.7533
5137	 368.5921	 564.9466
5138	 280.3520	 635.8674
5139	 306.0549	 635.3768
5140	 281.2979	 600.9281
5141	 309.2179	 603.0938
5230	 517.7380	 34.5370
5231	 534.4914	 27.2190
5232	 505.7629	 9.0037
5233	 539.2388	 11.6533
5234	 532.6371	 3.8145
5235	 467.5064	 39.4223
5236	 489.9224	 44.5939
5237	 480.3475	 16.1053
5238	 501.1101	 18.2244
5239	 502.8913	 24.6557
5240	 506.8549	 173.3194
5241	 531.6212	 144.0090
5242	 510.1182	 151.7139
5243	 515.7686	 187.4136
5244	 542.8264	 180.8763
5245	 542.5721	 181.7130
5246	 60.4657	 58.6636
5247	 85.2943	 52.1260
5248	 94.6817	 24.5126
5249	 71.8167	 9.4255
5250	 41.5745	 26.6057
5251	 48.6689	 15.3284
5252	 105.5509	 69.3074
5253	 119.5900	 68.5546
5254	 127.5343	 96.4006
5255	 88.6071	 99.4125
5256	 116.5573	 110.9660
5257	 103.2726	 111.4466
5264	 99.8192	 180.4335
5265	 121.0958	 151.3425
5266	 98.5906	 164.0463
5267	 95.3311	 170.6913
5268	 130.9439	 181.1462
5269	 137.2393	 174.3089
5270	 70.1159	 129.2097
5271	 77.2954	 138.6944
5272	 69.0348	 157.3851
5273	 41.1145	 128.5078
5274	 31.7099	 145.6181
5536	 139.4157	 622.1500
5537	 125.5797	 605.3221
5538	 168.3136	 604.6614
5539	 172.8397	 595.0973
5540	 145.3188	 562.7197
5541	 139.9378	 564.1373
5542	 155.1180	 687.9491
5543	 135.6955	 635.4089
5544	 138.5358	 630.9251
5545	 114.1684	 726.5450
5546	 114.4620	 688.7812
5547	 154.2188	 688.8049
5548	 139.0933	 731.8625
5549	 152.5541	 720.9871
5771	 245.3660	 197.3515
5772	 210.0957	 235.3766
5773	 216.0545	 239.4230
5774	 252.3392	 231.7015
5775	 248.9670	 237.9510
5776	 207.4360	 194.4258
5777	 222.5488	 188.6758
5778	 744.4691	 328.8649
5779	 725.1149	 345.8562
5780	 738.8951	 298.0610
5781	 702.4136	 331.1515
5782	 698.2787	 309.9607
5783	 706.2459	 298.0764
5823	 618.1401	 103.1281
5824	 606.9349	 114.8206
5825	 596.7457	 76.6441
5826	 486.8370	 499.8095
5827	 528.0109	 503.5814
5828	 524.3200	 492.0555
5829	 527.6560	 496.6296
5830	 610.4350	 585.0097
5836	 675.0726	 730.4378
5837	 645.6627	 712.6578
5838	 657.4008	 686.0258
5840	 712.5398	 731.8932
5842	 749.6736	 748.9745
5868	 226.6671	 702.4542
5869	 210.4569	 727.1448
5870	 199.8249	 727.6135
5871	 175.7948	 682.4101
5874	 411.0802	 657.5036
5875	 545.0866	 638.4183
5876	 592.5772	 604.3564
5877	 430.8052	 628.7677
6181	 28.8322	 719.9653
6182	 18.7020	 721.8973
6184	 35.7011	 675.8355
6185	 20.1636	 662.5052
6325	 569.4725	 66.0085
6326	 585.6021	 77.8474
6327	 547.6170	 86.5033
6328	 573.7941	 103.9053
6329	 557.8423	 106.6565
6330	 563.9638	 108.5692
6331	 588.5823	 642.9123
6332	 594.6906	 634.1276
6333	 645.6524	 665.9933
6334	 680.1059	 600.7104
6335	 657.9446	 570.9352
6336	 630.3065	 590.3808
6340	 695.3174	 718.7437
6341	 713.6404	 715.2406
6342	 708.1529	 720.9173
6343	 678.8433	 688.9723
6344	 712.1575	 663.8410
6345	 703.8399	 662.2759
6355	 225.5249	 682.1733
6356	 224.7324	 683.2125
6357	 231.7270	 653.3201
6358	 228.3952	 644.5620
6359	 198.6069	 636.4717
6360	 203.4763	 634.9627
6361	 184.7043	 653.3368
6362	 183.7431	 673.8800
6363	 341.3019	 629.1820
6364	 344.5708	 606.7510
6365	 345.9029	 605.4791
6368	 535.4712	 648.7728
6369	 533.4633	 723.4149
6370	 531.8323	 667.3773
6371	 509.9652	 676.5329
6372	 639.8763	 715.3918
6374	 592.6391	 663.7070
6375	 614.7137	 676.4155
6376	 614.5914	 711.2145
6377	 612.7182	 712.4902
6380	 473.1262	 690.6628
6381	 494.6490	 672.0079
6382	 485.7949	 711.2270
6383	 506.9406	 718.7029
6384	 504.3674	 715.3983
6385	 373.7880	 692.3829
6386	 326.5336	 696.7400
6387	 375.5116	 679.3884
6388	 397.9886	 657.0695
6389	 381.0008	 635.5898
6390	 349.8717	 657.0666
6391	 352.0019	 642.8526
6392	 419.7685	 669.7110
6393	 452.0995	 672.7548
6394	 458.7067	 688.7035
6396	 377.7045	 725.3276
6397	 384.0882	 710.6256
6403	 413.5987	 607.2991
6404	 379.6418	 605.3813
6405	 384.9565	 610.5047
6406	 380.2532	 574.3873
6407	 407.7434	 567.6555
6741	 637.6657	 632.8635
6742	 642.9202	 619.9146
6743	 648.1151	 656.6744
6744	 687.7635	 644.9329
6745	 688.2987	 621.0922
6746	 679.6163	 610.4339
6778	 608.3424	 742.5999
6781	 536.6299	 721.5085
6782	 570.7804	 732.4748
6783	 583.7003	 710.4321
6784	 548.2741	 686.6945
6785	 571.5981	 687.8737
6808	 497.9244	 739.1553
6812	 467.1340	 746.4036
6813	 466.9645	 745.4921
6814	 457.8205	 735.9300
6815	 459.6643	 730.4274
6816	 436.3449	 739.9788
6817	 429.9442	 738.2036
6818	 451.2543	 699.3746
6819	 417.4841	 704.4122
6820	 415.0514	 707.6704
6822	 325.1904	 715.4053
6823	 346.1494	 732.9816
6824	 532.6669	 544.1104
6825	 463.7553	 599.2777
6826	 432.9191	 628.6898
6827	 489.9076	 626.3381
6828	 489.0804	 611.3738
6829	 463.8497	 649.2675
6830	 477.4755	 645.9151
7002	 497.0760	 604.1443
7003	 533.9008	 575.2355
7004	 542.6583	 608.7037
7005	 552.0008	 589.3161
7006	 552.3885	 591.2866
7007	 481.2381	 515.9797
7008	 447.0255	 509.9631
7009	 440.1355	 533.3196
7010	 445.0574	 541.2417
7011	 481.0717	 562.5341
7012	 503.7330	 578.2532
7013	 506.4378	 576.4599
7014	 511.6313	 545.4478
7015	 482.1157	 540.7918
7016	 495.1993	 533.6487
7017	 488.5407	 533.2718
7018	 459.6719	 590.2730
7019	 463.1263	 574.8137
7020	 444.1037	 552.3212
7021	 418.9972	 575.9315
7022	 421.3403	 582.9721
7108	 282.5299	 735.0301
7109	 299.5409	 734.6253
Edges
id	vertex1	vertex2	xflag	yflag
1	 5774	 5031	 0 	 0 
2	 5031	 5032	 0 	 0 
3	 5032	 5029	 0 	 0 
4	 5029	 5030	 0 	 0 
5	 5030	 5775	 0 	 0 
6	 5775	 5774	 0 	 0 
7	 4093	 1964	 0 	 0 
8	 1964	 1963	 0 	 0 
9	 1963	 3026	 0 	 0 
10	 3026	 3027	 0 	 0 
11	 3027	 1949	 0 	 0 
12	 1949	 3017	 0 	 0 
13	 3017	 4091	 0 	 0 
14	 4091	 4093	 0 	 0 
15	 6362	 5871	 0 	 0 
16	 5871	 5542	 0 	 0 
17	 5542	 5543	 0 	 0 
18	 5543	 5544	 0 	 0 
19	 5544	 6361	 0 	 0 
20	 6361	 6362	 0 	 0 
21	 3019	 943	 0 	 0 
22	 943	 2906	 0 	 0 
23	 2906	 2910	 0 	 0 
24	 2910	 1938	 0 	 0 
25	 1938	 1961	 0 	 0 
26	 1961	 3020	 0 	 0 
27	 3020	 3019	 0 	 0 
28	 5051	 1966	 0 	 0 
29	 1966	 3005	 0 	 0 
30	 3005	 3057	 0 	 0 
31	 3057	 4055	 0 	 0 
32	 4055	 5052	 0 	 0 
33	 5052	 5051	 0 	 0 
34	 4297	 3140	 0 	 0 
35	 3140	 3148	 0 	 0 
36	 3148	 3150	 0 	 0 
37	 3150	 3141	 0 	 0 
38	 3141	 3142	 0 	 0 
39	 3142	 4296	 0 	 0 
40	 4296	 4297	 0 	 0 
41	 4086	 1930	 0 	 0 
42	 1930	 1931	 0 	 0 
43	 1931	 1932	 0 	 0 
44	 1932	 1934	 0 	 0 
45	 1934	 1933	 0 	 0 
46	 1933	 3007	 0 	 0 
47	 3007	 4084	 0 	 0 
48	 4084	 4086	 0 	 0 
49	 1841	 2975	 1 	 0 
50	 2975	 5059	 0 	 0 
51	 5059	 5057	 0 	 0 
52	 5057	 5061	 0 	 0 
53	 5061	 1840	 1 	 0 
54	 1840	 1841	 0 	 0 
55	 5030	 5022	 0 	 0 
56	 5022	 5021	 0 	 0 
57	 5021	 5020	 0 	 0 
58	 5020	 5773	 0 	 0 
59	 5773	 5775	 0 	 0 
60	 5242	 4286	 0 	 0 
61	 4286	 4285	 0 	 0 
62	 4285	 4284	 0 	 0 
63	 4284	 4287	 0 	 0 
64	 4287	 4288	 0 	 0 
65	 4288	 5241	 0 	 0 
66	 5241	 5242	 0 	 0 
67	 6785	 6783	 0 	 0 
68	 6783	 6782	 0 	 0 
69	 6782	 6781	 0 	 0 
70	 6781	 6784	 0 	 0 
71	 6784	 6785	 0 	 0 
72	 4696	 3618	 0 	 0 
73	 3618	 3617	 0 	 0 
74	 3617	 4694	 0 	 0 
75	 4694	 4698	 0 	 0 
76	 4698	 4696	 0 	 0 
77	 5268	 5264	 0 	 0 
78	 5264	 5267	 0 	 0 
79	 5267	 5266	 0 	 0 
80	 5266	 5265	 0 	 0 
81	 5265	 5269	 0 	 0 
82	 5269	 5268	 0 	 0 
83	 5825	 4257	 0 	 0 
84	 4257	 4260	 0 	 0 
85	 4260	 4259	 0 	 0 
86	 4259	 4258	 0 	 0 
87	 4258	 5823	 0 	 0 
88	 5823	 5825	 0 	 0 
89	 5540	 3065	 0 	 0 
90	 3065	 3066	 0 	 0 
91	 3066	 3064	 0 	 0 
92	 3064	 5539	 0 	 0 
93	 5539	 5540	 0 	 0 
94	 2953	 1882	 0 	 0 
95	 1882	 1881	 0 	 0 
96	 1881	 2957	 0 	 0 
97	 2957	 2953	 0 	 0 
98	 1893	 878	 0 	 0 
99	 878	 1846	 0 	 0 
100	 1846	 1891	 0 	 0 
101	 1891	 1890	 0 	 0 
102	 1890	 1892	 0 	 0 
103	 1892	 1893	 0 	 0 
104	 1918	 1915	 0 	 0 
105	 1915	 1916	 0 	 0 
106	 1916	 1917	 0 	 0 
107	 1917	 1914	 0 	 0 
108	 1914	 1920	 0 	 0 
109	 1920	 1918	 0 	 0 
110	 4264	 6778	 0 	 1 
111	 6778	 4261	 0 	 1 
112	 4261	 4262	 0 	 0 
113	 4262	 4265	 0 	 0 
114	 4265	 4264	 0 	 0 
115	 6325	 3119	 0 	 0 
116	 3119	 3117	 0 	 0 
117	 3117	 4257	 0 	 0 
118	 5825	 6326	 0 	 0 
119	 6326	 6325	 0 	 0 
120	 6816	 2006	 0 	 1 
121	 2006	 2007	 0 	 0 
122	 2007	 2037	 0 	 0 
123	 2037	 6817	 0 	 1 
124	 6817	 6816	 0 	 0 
125	 3015	 1933	 0 	 0 
126	 1934	 3002	 0 	 0 
127	 3002	 3003	 0 	 0 
128	 3003	 3016	 0 	 0 
129	 3016	 3015	 0 	 0 
130	 5238	 5232	 0 	 0 
131	 5232	 5234	 0 	 0 
132	 5234	 5233	 0 	 0 
133	 5233	 5231	 0 	 0 
134	 5231	 5230	 0 	 0 
135	 5230	 5239	 0 	 0 
136	 5239	 5238	 0 	 0 
137	 6778	 6377	 0 	 0 
138	 6377	 6376	 0 	 0 
139	 6376	 6372	 0 	 0 
140	 6372	 3008	 0 	 1 
141	 3008	 4261	 0 	 0 
142	 7008	 4099	 0 	 0 
143	 4099	 4098	 0 	 0 
144	 4098	 5826	 0 	 0 
145	 5826	 7007	 0 	 0 
146	 7007	 7008	 0 	 0 
147	 4695	 2594	 0 	 0 
148	 2594	 2593	 0 	 0 
149	 2593	 3618	 0 	 0 
150	 4696	 4695	 0 	 0 
151	 2904	 2903	 0 	 0 
152	 2903	 2902	 0 	 0 
153	 2902	 2901	 0 	 0 
154	 2901	 2905	 0 	 0 
155	 2905	 2904	 0 	 0 
156	 3063	 921	 0 	 0 
157	 921	 922	 0 	 0 
158	 922	 910	 0 	 0 
159	 910	 911	 0 	 0 
160	 911	 3062	 0 	 0 
161	 3062	 3063	 0 	 0 
162	 5138	 5127	 0 	 0 
163	 5127	 5129	 0 	 0 
164	 5129	 4142	 0 	 0 
165	 4142	 3060	 0 	 0 
166	 3060	 3058	 0 	 0 
167	 3058	 5140	 0 	 0 
168	 5140	 5138	 0 	 0 
169	 4050	 1888	 0 	 0 
170	 1888	 1889	 0 	 0 
171	 1889	 1890	 0 	 0 
172	 1891	 4046	 0 	 0 
173	 4046	 4050	 0 	 0 
174	 5133	 4146	 0 	 0 
175	 4146	 4147	 0 	 0 
176	 4147	 4145	 0 	 0 
177	 4145	 4144	 0 	 0 
178	 4144	 5130	 0 	 0 
179	 5130	 5133	 0 	 0 
180	 4262	 4252	 0 	 0 
181	 4252	 4260	 0 	 0 
182	 3117	 4265	 0 	 0 
183	 3005	 3004	 0 	 0 
184	 3004	 3003	 0 	 0 
185	 3002	 3001	 0 	 0 
186	 3001	 3056	 0 	 0 
187	 3056	 3057	 0 	 0 
188	 4319	 3151	 0 	 0 
189	 3151	 2025	 0 	 0 
190	 2025	 3137	 0 	 0 
191	 3137	 5126	 0 	 1 
192	 5126	 5870	 0 	 0 
193	 5870	 5869	 0 	 0 
194	 5869	 5125	 0 	 0 
195	 5125	 4319	 0 	 1 
196	 4285	 4271	 0 	 0 
197	 4271	 4278	 0 	 0 
198	 4278	 4276	 0 	 0 
199	 4276	 4284	 0 	 0 
200	 4117	 3040	 0 	 0 
201	 3040	 3038	 0 	 0 
202	 3038	 918	 1 	 0 
203	 918	 332	 0 	 0 
204	 332	 3031	 1 	 0 
205	 3031	 4118	 0 	 0 
206	 4118	 4117	 0 	 0 
207	 3069	 3058	 0 	 0 
208	 3060	 3059	 0 	 0 
209	 3059	 3067	 0 	 0 
210	 3067	 3070	 0 	 0 
211	 3070	 3069	 0 	 0 
212	 5543	 4711	 0 	 0 
213	 4711	 4712	 0 	 0 
214	 4712	 4697	 0 	 0 
215	 4697	 4695	 0 	 0 
216	 4698	 5537	 0 	 0 
217	 5537	 5536	 0 	 0 
218	 5536	 5544	 0 	 0 
219	 6382	 6380	 0 	 0 
220	 6380	 6381	 0 	 0 
221	 6381	 6371	 0 	 0 
222	 6371	 6384	 0 	 0 
223	 6384	 6382	 0 	 0 
224	 2936	 1845	 0 	 0 
225	 1845	 876	 0 	 0 
226	 876	 325	 0 	 0 
227	 325	 326	 0 	 0 
228	 326	 2902	 0 	 0 
229	 2903	 2935	 0 	 0 
230	 2935	 2936	 0 	 0 
231	 5772	 5028	 0 	 0 
232	 5028	 5027	 0 	 0 
233	 5027	 2012	 0 	 0 
234	 2012	 2115	 0 	 0 
235	 2115	 2114	 0 	 0 
236	 2114	 5776	 0 	 0 
237	 5776	 5772	 0 	 0 
238	 4288	 3006	 0 	 0 
239	 3006	 4089	 0 	 0 
240	 4089	 5244	 0 	 0 
241	 5244	 5241	 0 	 0 
242	 6361	 6359	 0 	 0 
243	 6359	 6360	 0 	 0 
244	 6360	 6358	 0 	 0 
245	 6358	 6357	 0 	 0 
246	 6357	 6355	 0 	 0 
247	 6355	 6356	 0 	 0 
248	 6356	 6362	 0 	 0 
249	 343	 339	 0 	 0 
250	 339	 340	 0 	 0 
251	 340	 341	 0 	 0 
252	 341	 342	 0 	 0 
253	 342	 343	 0 	 0 
254	 2912	 318	 0 	 0 
255	 318	 313	 0 	 0 
256	 313	 855	 0 	 0 
257	 855	 1816	 0 	 0 
258	 1816	 2913	 0 	 0 
259	 2913	 2912	 0 	 0 
260	 5230	 4269	 0 	 0 
261	 4269	 4270	 0 	 0 
262	 4270	 5236	 0 	 0 
263	 5236	 5239	 0 	 0 
264	 2920	 1824	 0 	 0 
265	 1824	 1941	 0 	 0 
266	 1941	 2909	 0 	 0 
267	 2909	 2908	 0 	 0 
268	 2908	 2919	 0 	 0 
269	 2919	 2920	 0 	 0 
270	 4094	 3053	 0 	 0 
271	 3053	 3052	 0 	 0 
272	 3052	 1964	 0 	 0 
273	 4093	 4094	 0 	 0 
274	 3077	 3069	 0 	 0 
275	 3070	 3068	 0 	 0 
276	 3068	 3075	 0 	 0 
277	 3075	 3074	 0 	 0 
278	 3074	 3078	 0 	 0 
279	 3078	 3077	 0 	 0 
280	 4145	 1967	 0 	 0 
281	 1967	 3071	 0 	 0 
282	 3071	 3075	 0 	 0 
283	 3068	 4144	 0 	 0 
284	 6829	 6826	 0 	 0 
285	 6826	 6825	 0 	 0 
286	 6825	 6828	 0 	 0 
287	 6828	 6827	 0 	 0 
288	 6827	 6830	 0 	 0 
289	 6830	 6829	 0 	 0 
290	 3001	 2997	 0 	 0 
291	 2997	 2999	 0 	 0 
292	 2999	 3055	 0 	 0 
293	 3055	 3056	 0 	 0 
294	 5256	 2116	 0 	 0 
295	 2116	 3207	 0 	 0 
296	 3207	 3208	 0 	 0 
297	 3208	 5257	 0 	 0 
298	 5257	 5256	 0 	 0 
299	 4312	 3155	 0 	 0 
300	 3155	 3147	 0 	 0 
301	 3147	 3153	 0 	 0 
302	 3153	 4315	 0 	 0 
303	 4315	 4312	 0 	 0 
304	 5254	 4296	 0 	 0 
305	 3142	 1003	 0 	 0 
306	 1003	 2116	 0 	 0 
307	 5256	 5254	 0 	 0 
308	 4110	 4058	 0 	 0 
309	 4058	 4059	 0 	 0 
310	 4059	 4054	 0 	 0 
311	 4054	 4052	 0 	 0 
312	 4052	 4053	 0 	 0 
313	 4053	 4051	 0 	 0 
314	 4051	 4109	 0 	 0 
315	 4109	 4110	 0 	 0 
316	 4310	 3146	 0 	 0 
317	 3146	 2030	 0 	 0 
318	 2030	 2031	 0 	 0 
319	 2031	 3158	 0 	 0 
320	 3158	 4311	 0 	 0 
321	 4311	 4310	 0 	 0 
322	 7006	 5876	 0 	 0 
323	 5876	 6332	 0 	 0 
324	 6332	 6331	 0 	 0 
325	 6331	 5875	 0 	 0 
326	 5875	 7004	 0 	 0 
327	 7004	 7006	 0 	 0 
328	 4030	 861	 0 	 0 
329	 861	 860	 0 	 0 
330	 860	 3012	 0 	 0 
331	 3012	 3013	 0 	 0 
332	 3013	 4031	 0 	 0 
333	 4031	 4030	 0 	 0 
334	 6830	 6381	 0 	 0 
335	 6380	 6394	 0 	 0 
336	 6394	 6393	 0 	 0 
337	 6393	 6829	 0 	 0 
338	 3131	 862	 0 	 0 
339	 862	 904	 0 	 0 
340	 904	 1882	 0 	 0 
341	 2953	 2952	 0 	 0 
342	 2952	 1825	 0 	 0 
343	 1825	 3132	 0 	 0 
344	 3132	 3131	 0 	 0 
345	 349	 346	 0 	 0 
346	 346	 347	 0 	 0 
347	 347	 345	 0 	 0 
348	 345	 348	 0 	 0 
349	 348	 350	 0 	 0 
350	 350	 349	 0 	 0 
351	 6743	 6333	 0 	 0 
352	 6333	 6375	 0 	 0 
353	 6375	 6374	 0 	 0 
354	 6374	 6331	 0 	 0 
355	 6332	 6741	 0 	 0 
356	 6741	 6743	 0 	 0 
357	 4020	 4016	 0 	 0 
358	 4016	 2015	 0 	 0 
359	 2015	 2016	 0 	 0 
360	 2016	 2014	 0 	 0 
361	 2014	 4019	 0 	 0 
362	 4019	 4020	 0 	 0 
363	 5134	 3062	 0 	 0 
364	 911	 913	 0 	 0 
365	 913	 5132	 0 	 0 
366	 5132	 5134	 0 	 0 
367	 3210	 320	 0 	 0 
368	 320	 926	 1 	 0 
369	 926	 1911	 0 	 0 
370	 1911	 131	 1 	 0 
371	 131	 2117	 0 	 0 
372	 2117	 3209	 0 	 0 
373	 3209	 3210	 0 	 0 
374	 5136	 3078	 0 	 0 
375	 3074	 3073	 0 	 0 
376	 3073	 4100	 0 	 0 
377	 4100	 5137	 0 	 0 
378	 5137	 5136	 0 	 0 
379	 3129	 372	 0 	 0 
380	 372	 1885	 0 	 0 
381	 1885	 1886	 0 	 0 
382	 1886	 862	 0 	 0 
383	 3131	 3129	 0 	 0 
384	 1816	 1819	 0 	 0 
385	 1819	 1818	 0 	 0 
386	 1818	 1817	 0 	 0 
387	 1817	 2914	 0 	 0 
388	 2914	 2913	 0 	 0 
389	 3029	 3025	 0 	 0 
390	 3025	 3024	 0 	 0 
391	 3024	 3027	 0 	 0 
392	 3026	 3028	 0 	 0 
393	 3028	 3029	 0 	 0 
394	 4362	 127	 0 	 0 
395	 127	 1826	 0 	 0 
396	 1826	 2925	 0 	 0 
397	 2925	 2927	 0 	 0 
398	 2927	 4363	 0 	 0 
399	 4363	 4362	 0 	 0 
400	 3071	 3072	 0 	 0 
401	 3072	 3073	 0 	 0 
402	 5063	 3000	 0 	 0 
403	 3000	 2999	 0 	 0 
404	 2997	 2998	 0 	 0 
405	 2998	 5065	 0 	 0 
406	 5065	 5063	 0 	 0 
407	 3067	 5131	 0 	 0 
408	 5131	 5130	 0 	 0 
409	 4282	 3011	 0 	 0 
410	 3011	 3010	 0 	 0 
411	 3010	 3013	 0 	 0 
412	 3012	 4280	 0 	 0 
413	 4280	 4282	 0 	 0 
414	 6356	 5868	 0 	 0 
415	 5868	 5869	 0 	 0 
416	 5870	 5871	 0 	 0 
417	 5251	 5249	 0 	 0 
418	 5249	 5248	 0 	 0 
419	 5248	 5247	 0 	 0 
420	 5247	 5246	 0 	 0 
421	 5246	 5250	 0 	 0 
422	 5250	 5251	 0 	 0 
423	 6405	 6389	 0 	 0 
424	 6389	 6391	 0 	 0 
425	 6391	 6363	 0 	 0 
426	 6363	 6364	 0 	 0 
427	 6364	 6365	 0 	 0 
428	 6365	 6404	 0 	 0 
429	 6404	 6405	 0 	 0 
430	 4719	 5249	 0 	 1 
431	 5251	 4718	 0 	 1 
432	 4718	 4720	 0 	 0 
433	 4720	 4719	 0 	 0 
434	 4098	 3017	 0 	 0 
435	 1949	 5828	 0 	 0 
436	 5828	 5826	 0 	 0 
437	 5032	 4024	 0 	 0 
438	 4024	 4025	 0 	 0 
439	 4025	 4026	 0 	 0 
440	 4026	 4023	 0 	 0 
441	 4023	 4022	 0 	 0 
442	 4022	 5029	 0 	 0 
443	 5782	 4062	 0 	 0 
444	 4062	 5064	 0 	 0 
445	 5064	 5067	 0 	 0 
446	 5067	 4061	 0 	 0 
447	 4061	 5783	 0 	 0 
448	 5783	 5782	 0 	 0 
449	 5274	 2117	 0 	 0 
450	 131	 2971	 1 	 0 
451	 2971	 2970	 0 	 0 
452	 2970	 4302	 1 	 0 
453	 4302	 4301	 0 	 0 
454	 4301	 5273	 0 	 0 
455	 5273	 5274	 0 	 0 
456	 5823	 5824	 0 	 0 
457	 5824	 6328	 0 	 0 
458	 6328	 6326	 0 	 0 
459	 4308	 2038	 0 	 0 
460	 2038	 2037	 0 	 0 
461	 2007	 2009	 0 	 0 
462	 2009	 4309	 0 	 0 
463	 4309	 4308	 0 	 0 
464	 4316	 4314	 0 	 0 
465	 4314	 4315	 0 	 0 
466	 3153	 3152	 0 	 0 
467	 3152	 3151	 0 	 0 
468	 4319	 4316	 0 	 0 
469	 5028	 5024	 0 	 0 
470	 5024	 5023	 0 	 0 
471	 5023	 5025	 0 	 0 
472	 5025	 5026	 0 	 0 
473	 5026	 5027	 0 	 0 
474	 6813	 6812	 0 	 0 
475	 6812	 4267	 0 	 1 
476	 4267	 2006	 0 	 0 
477	 6816	 6814	 0 	 0 
478	 6814	 6813	 0 	 0 
479	 6355	 5122	 0 	 0 
480	 5122	 5121	 0 	 0 
481	 5121	 5120	 0 	 0 
482	 5120	 5868	 0 	 0 
483	 6185	 4705	 0 	 0 
484	 4705	 4697	 0 	 0 
485	 4712	 4708	 0 	 0 
486	 4708	 6184	 0 	 0 
487	 6184	 6185	 0 	 0 
488	 6389	 6388	 0 	 0 
489	 6388	 6387	 0 	 0 
490	 6387	 6390	 0 	 0 
491	 6390	 6391	 0 	 0 
492	 941	 338	 0 	 0 
493	 338	 339	 0 	 0 
494	 343	 942	 0 	 0 
495	 942	 941	 0 	 0 
496	 2901	 1812	 0 	 0 
497	 1812	 1813	 0 	 0 
498	 1813	 1810	 0 	 0 
499	 1810	 1809	 0 	 0 
500	 1809	 1808	 0 	 0 
501	 1808	 2905	 0 	 0 
502	 2925	 2923	 0 	 0 
503	 2923	 2922	 0 	 0 
504	 2922	 2924	 0 	 0 
505	 2924	 2926	 0 	 0 
506	 2926	 2927	 0 	 0 
507	 6745	 3030	 0 	 0 
508	 3030	 1955	 0 	 0 
509	 1955	 4128	 0 	 0 
510	 4128	 6344	 0 	 0 
511	 6344	 6345	 0 	 0 
512	 6345	 6744	 0 	 0 
513	 6744	 6745	 0 	 0 
514	 2979	 1918	 0 	 0 
515	 1920	 1919	 0 	 0 
516	 1919	 2976	 0 	 0 
517	 2976	 2979	 0 	 0 
518	 5024	 4021	 0 	 0 
519	 4021	 4009	 0 	 0 
520	 4009	 4011	 0 	 0 
521	 4011	 371	 0 	 0 
522	 371	 3133	 0 	 0 
523	 3133	 5023	 0 	 0 
524	 2025	 2026	 0 	 0 
525	 2026	 2027	 0 	 0 
526	 2027	 3138	 0 	 0 
527	 3138	 3137	 0 	 0 
528	 7021	 7020	 0 	 0 
529	 7020	 7019	 0 	 0 
530	 7019	 7018	 0 	 0 
531	 7018	 7022	 0 	 0 
532	 7022	 7021	 0 	 0 
533	 4114	 1954	 0 	 0 
534	 1954	 3036	 0 	 0 
535	 3036	 3039	 0 	 0 
536	 3039	 3032	 0 	 0 
537	 3032	 4115	 0 	 0 
538	 4115	 4114	 0 	 0 
539	 2031	 956	 0 	 0 
540	 956	 2016	 0 	 0 
541	 2015	 3156	 0 	 0 
542	 3156	 3158	 0 	 0 
543	 5135	 4136	 0 	 0 
544	 4136	 4137	 0 	 0 
545	 4137	 3061	 0 	 0 
546	 3061	 3063	 0 	 0 
547	 5134	 5135	 0 	 0 
548	 4017	 3157	 0 	 0 
549	 3157	 3156	 0 	 0 
550	 4016	 4017	 0 	 0 
551	 4028	 2921	 0 	 0 
552	 2921	 1820	 0 	 0 
553	 1820	 857	 0 	 0 
554	 857	 4026	 0 	 0 
555	 4025	 4027	 0 	 0 
556	 4027	 4028	 0 	 0 
557	 3134	 3129	 0 	 0 
558	 3132	 3130	 0 	 0 
559	 3130	 3128	 0 	 0 
560	 3128	 3135	 0 	 0 
561	 3135	 3134	 0 	 0 
562	 2038	 6396	 0 	 1 
563	 6396	 6397	 0 	 0 
564	 6397	 6820	 0 	 0 
565	 6820	 6817	 0 	 0 
566	 4128	 4129	 0 	 0 
567	 4129	 5113	 0 	 0 
568	 5113	 6341	 0 	 0 
569	 6341	 6344	 0 	 0 
570	 1894	 1953	 1 	 0 
571	 1953	 4116	 0 	 0 
572	 4116	 5060	 0 	 0 
573	 5060	 5059	 0 	 0 
574	 2975	 905	 1 	 0 
575	 905	 1894	 0 	 0 
576	 4314	 4313	 0 	 0 
577	 4313	 4310	 0 	 0 
578	 4311	 4312	 0 	 0 
579	 1823	 316	 0 	 0 
580	 316	 317	 0 	 0 
581	 317	 342	 0 	 0 
582	 341	 1822	 0 	 0 
583	 1822	 1823	 0 	 0 
584	 5264	 4360	 0 	 0 
585	 4360	 4362	 0 	 0 
586	 4363	 4361	 0 	 0 
587	 4361	 4359	 0 	 0 
588	 4359	 4365	 0 	 0 
589	 4365	 5267	 0 	 0 
590	 6335	 4119	 0 	 0 
591	 4119	 4117	 0 	 0 
592	 4118	 6334	 0 	 0 
593	 6334	 6335	 0 	 0 
594	 5106	 4101	 0 	 0 
595	 4101	 3024	 0 	 0 
596	 3025	 3033	 0 	 0 
597	 3033	 4102	 0 	 0 
598	 4102	 5107	 0 	 0 
599	 5107	 5106	 0 	 0 
600	 4707	 1502	 0 	 0 
601	 1502	 2594	 0 	 0 
602	 4705	 4707	 0 	 0 
603	 2009	 2008	 0 	 0 
604	 2008	 952	 0 	 0 
605	 952	 3145	 0 	 0 
606	 3145	 4307	 0 	 0 
607	 4307	 4309	 0 	 0 
608	 915	 327	 0 	 0 
609	 327	 907	 0 	 0 
610	 907	 906	 0 	 0 
611	 906	 903	 0 	 0 
612	 903	 914	 0 	 0 
613	 914	 915	 0 	 0 
614	 5272	 4365	 0 	 0 
615	 4359	 3209	 0 	 0 
616	 5274	 5272	 0 	 0 
617	 4694	 4693	 0 	 0 
618	 4693	 5541	 0 	 0 
619	 5541	 5537	 0 	 0 
620	 5245	 4090	 0 	 0 
621	 4090	 3015	 0 	 0 
622	 3016	 3014	 0 	 0 
623	 3014	 4283	 0 	 0 
624	 4283	 5243	 0 	 0 
625	 5243	 5245	 0 	 0 
626	 4029	 958	 0 	 0 
627	 958	 959	 0 	 0 
628	 959	 352	 0 	 0 
629	 352	 319	 0 	 0 
630	 319	 858	 0 	 0 
631	 858	 861	 0 	 0 
632	 4030	 4029	 0 	 0 
633	 2904	 923	 0 	 0 
634	 923	 2934	 0 	 0 
635	 2934	 2935	 0 	 0 
636	 5250	 3212	 0 	 0 
637	 3212	 3213	 0 	 0 
638	 3213	 5842	 1 	 1 
639	 5842	 6182	 1 	 0 
640	 6182	 6181	 0 	 0 
641	 6181	 4718	 0 	 0 
642	 5058	 4113	 0 	 0 
643	 4113	 4106	 0 	 0 
644	 4106	 4109	 0 	 0 
645	 4051	 4060	 0 	 0 
646	 4060	 5056	 0 	 0 
647	 5056	 5058	 0 	 0 
648	 1953	 1954	 0 	 0 
649	 4114	 4116	 0 	 0 
650	 4283	 4282	 0 	 0 
651	 4280	 4281	 0 	 0 
652	 4281	 5240	 0 	 0 
653	 5240	 5243	 0 	 0 
654	 2917	 1823	 0 	 0 
655	 1822	 2911	 0 	 0 
656	 2911	 2916	 0 	 0 
657	 2916	 2917	 0 	 0 
658	 4303	 4299	 0 	 0 
659	 4299	 4300	 0 	 0 
660	 4300	 4301	 0 	 0 
661	 4302	 4303	 0 	 0 
662	 7016	 5827	 0 	 0 
663	 5827	 5102	 0 	 0 
664	 5102	 6824	 0 	 0 
665	 6824	 7014	 0 	 0 
666	 7014	 7016	 0 	 0 
667	 4111	 3023	 0 	 0 
668	 3023	 4107	 0 	 0 
669	 4107	 4106	 0 	 0 
670	 4113	 4111	 0 	 0 
671	 4007	 1817	 0 	 0 
672	 1818	 1815	 0 	 0 
673	 1815	 4010	 0 	 0 
674	 4010	 4007	 0 	 0 
675	 5233	 3115	 0 	 0 
676	 3115	 3118	 0 	 0 
677	 3118	 3121	 0 	 0 
678	 3121	 5231	 0 	 0 
679	 7022	 6403	 0 	 0 
680	 6403	 6405	 0 	 0 
681	 6404	 6406	 0 	 0 
682	 6406	 6407	 0 	 0 
683	 6407	 7021	 0 	 0 
684	 3032	 4103	 0 	 0 
685	 4103	 4102	 0 	 0 
686	 3033	 4112	 0 	 0 
687	 4112	 4115	 0 	 0 
688	 5064	 5063	 0 	 0 
689	 5065	 5066	 0 	 0 
690	 5066	 5067	 0 	 0 
691	 6397	 6385	 0 	 0 
692	 6385	 6387	 0 	 0 
693	 6388	 5874	 0 	 0 
694	 5874	 6392	 0 	 0 
695	 6392	 6819	 0 	 0 
696	 6819	 6820	 0 	 0 
697	 4360	 957	 0 	 0 
698	 957	 2011	 0 	 0 
699	 2011	 2010	 0 	 0 
700	 2010	 127	 0 	 0 
701	 6742	 6336	 0 	 0 
702	 6336	 6335	 0 	 0 
703	 6334	 6746	 0 	 0 
704	 6746	 6742	 0 	 0 
705	 5066	 1929	 0 	 0 
706	 1929	 1915	 0 	 0 
707	 2979	 4061	 0 	 0 
708	 6342	 5840	 0 	 0 
709	 5840	 5072	 0 	 1 
710	 5072	 4255	 0 	 0 
711	 4255	 4256	 0 	 0 
712	 4256	 1935	 0 	 0 
713	 1935	 5836	 0 	 1 
714	 5836	 6340	 0 	 0 
715	 6340	 6342	 0 	 0 
716	 4049	 3617	 0 	 0 
717	 2593	 1888	 0 	 0 
718	 4050	 4049	 0 	 0 
719	 5132	 5133	 0 	 0 
720	 5131	 5135	 0 	 0 
721	 3133	 3134	 0 	 0 
722	 3135	 5025	 0 	 0 
723	 6407	 5104	 0 	 0 
724	 5104	 5103	 0 	 0 
725	 5103	 7009	 0 	 0 
726	 7009	 7010	 0 	 0 
727	 7010	 7020	 0 	 0 
728	 913	 912	 0 	 0 
729	 912	 315	 0 	 0 
730	 315	 314	 0 	 0 
731	 314	 4146	 0 	 0 
732	 1808	 909	 0 	 0 
733	 909	 910	 0 	 0 
734	 922	 923	 0 	 0 
735	 4049	 4048	 0 	 0 
736	 4048	 2933	 0 	 0 
737	 2933	 919	 0 	 0 
738	 919	 4693	 0 	 0 
739	 3031	 3030	 0 	 0 
740	 6745	 6746	 0 	 0 
741	 6341	 6342	 0 	 0 
742	 6340	 6343	 0 	 0 
743	 6343	 6345	 0 	 0 
744	 6824	 7003	 0 	 0 
745	 7003	 7013	 0 	 0 
746	 7013	 7014	 0 	 0 
747	 916	 326	 0 	 0 
748	 325	 327	 0 	 0 
749	 915	 916	 0 	 0 
750	 6359	 5538	 0 	 0 
751	 5538	 5539	 0 	 0 
752	 3064	 4138	 0 	 0 
753	 4138	 4139	 0 	 0 
754	 4139	 4143	 0 	 0 
755	 4143	 6360	 0 	 0 
756	 4096	 941	 0 	 0 
757	 942	 943	 0 	 0 
758	 3019	 4095	 0 	 0 
759	 4095	 4096	 0 	 0 
760	 4087	 2973	 0 	 0 
761	 2973	 2974	 0 	 0 
762	 2974	 1913	 0 	 0 
763	 1913	 4085	 0 	 0 
764	 4085	 4087	 0 	 0 
765	 4119	 4103	 0 	 0 
766	 3039	 3040	 0 	 0 
767	 3036	 3037	 0 	 0 
768	 3037	 3038	 0 	 0 
769	 4055	 4059	 0 	 0 
770	 4058	 4057	 0 	 0 
771	 4057	 4056	 0 	 0 
772	 4056	 5055	 0 	 0 
773	 5055	 5052	 0 	 0 
774	 2115	 2111	 0 	 0 
775	 2111	 2110	 0 	 0 
776	 2110	 2113	 0 	 0 
777	 2113	 2112	 0 	 0 
778	 2112	 2114	 0 	 0 
779	 3014	 1937	 0 	 0 
780	 1937	 1936	 0 	 0 
781	 1936	 3011	 0 	 0 
782	 7005	 5108	 0 	 0 
783	 5108	 5109	 0 	 0 
784	 5109	 5830	 0 	 0 
785	 5830	 5876	 0 	 0 
786	 7006	 7005	 0 	 0 
787	 6744	 6743	 0 	 0 
788	 6741	 6742	 0 	 0 
789	 878	 877	 0 	 0 
790	 877	 876	 0 	 0 
791	 1845	 1846	 0 	 0 
792	 6336	 5830	 0 	 0 
793	 5109	 5107	 0 	 0 
794	 916	 1884	 0 	 0 
795	 1884	 1883	 0 	 0 
796	 1883	 1811	 0 	 0 
797	 1811	 1812	 0 	 0 
798	 317	 1821	 0 	 0 
799	 1821	 2907	 0 	 0 
800	 2907	 2906	 0 	 0 
801	 6822	 6386	 0 	 0 
802	 6386	 6385	 0 	 0 
803	 6396	 6823	 0 	 0 
804	 6823	 6822	 0 	 0 
805	 6406	 5137	 0 	 0 
806	 4100	 5104	 0 	 0 
807	 1819	 1813	 0 	 0 
808	 1811	 1814	 0 	 0 
809	 1814	 1815	 0 	 0 
810	 855	 1810	 0 	 0 
811	 4281	 4274	 0 	 0 
812	 4274	 4286	 0 	 0 
813	 5242	 5240	 0 	 0 
814	 4015	 4013	 0 	 0 
815	 4013	 4012	 0 	 0 
816	 4012	 4014	 0 	 0 
817	 4014	 4015	 0 	 0 
818	 5265	 3207	 0 	 0 
819	 1003	 2110	 0 	 0 
820	 2111	 5269	 0 	 0 
821	 3008	 1935	 0 	 0 
822	 4256	 4252	 0 	 0 
823	 4032	 2920	 0 	 0 
824	 2919	 2921	 0 	 0 
825	 4028	 4032	 0 	 0 
826	 1930	 1916	 0 	 0 
827	 1929	 1931	 0 	 0 
828	 1914	 926	 0 	 0 
829	 320	 927	 1 	 0 
830	 927	 1919	 0 	 0 
831	 5778	 5780	 0 	 0 
832	 5780	 2977	 0 	 0 
833	 2977	 2952	 1 	 0 
834	 2957	 5778	 1 	 0 
835	 6818	 6394	 0 	 0 
836	 6382	 6815	 0 	 0 
837	 6815	 6818	 0 	 0 
838	 6343	 5838	 0 	 0 
839	 5838	 6333	 0 	 0 
840	 2911	 2912	 0 	 0 
841	 2914	 2915	 0 	 0 
842	 2915	 2916	 0 	 0 
843	 4101	 5829	 0 	 0 
844	 5829	 5828	 0 	 0 
845	 5266	 4364	 0 	 0 
846	 4364	 3208	 0 	 0 
847	 1825	 2923	 0 	 0 
848	 1826	 3130	 0 	 0 
849	 1946	 345	 0 	 0 
850	 347	 1945	 0 	 0 
851	 1945	 1947	 0 	 0 
852	 1947	 1946	 0 	 0 
853	 7108	 5119	 0 	 0 
854	 5119	 5120	 0 	 0 
855	 5121	 4140	 0 	 0 
856	 4140	 6386	 0 	 0 
857	 6822	 7109	 0 	 0 
858	 7109	 7108	 0 	 0 
859	 954	 351	 0 	 0 
860	 351	 859	 0 	 0 
861	 859	 858	 0 	 0 
862	 319	 953	 0 	 0 
863	 953	 954	 0 	 0 
864	 1885	 1883	 0 	 0 
865	 1884	 1887	 0 	 0 
866	 1887	 1886	 0 	 0 
867	 3141	 2113	 0 	 0 
868	 4089	 4088	 0 	 0 
869	 4088	 4090	 0 	 0 
870	 5245	 5244	 0 	 0 
871	 5771	 4020	 0 	 0 
872	 4019	 5031	 0 	 0 
873	 5774	 5771	 0 	 0 
874	 921	 920	 0 	 0 
875	 920	 919	 0 	 0 
876	 2933	 2934	 0 	 0 
877	 4088	 3007	 0 	 0 
878	 905	 908	 0 	 0 
879	 908	 877	 0 	 0 
880	 1893	 1894	 0 	 0 
881	 4273	 3126	 0 	 0 
882	 3126	 3125	 0 	 0 
883	 3125	 3123	 0 	 0 
884	 3123	 3124	 0 	 0 
885	 3124	 4272	 0 	 0 
886	 4272	 4273	 0 	 0 
887	 2012	 2013	 0 	 0 
888	 2013	 5268	 0 	 0 
889	 909	 912	 0 	 0 
890	 7015	 7010	 0 	 0 
891	 7009	 7008	 0 	 0 
892	 7007	 7017	 0 	 0 
893	 7017	 7015	 0 	 0 
894	 920	 3065	 0 	 0 
895	 5540	 5541	 0 	 0 
896	 6329	 6327	 0 	 0 
897	 6327	 6325	 0 	 0 
898	 6328	 6330	 0 	 0 
899	 6330	 6329	 0 	 0 
900	 316	 856	 0 	 0 
901	 856	 857	 0 	 0 
902	 1820	 1821	 0 	 0 
903	 3213	 5072	 1 	 0 
904	 5840	 5842	 0 	 0 
905	 4253	 2972	 0 	 0 
906	 2972	 2970	 0 	 0 
907	 2971	 2974	 0 	 0 
908	 2973	 4254	 0 	 0 
909	 4254	 4253	 0 	 0 
910	 5139	 4149	 0 	 0 
911	 4149	 4141	 0 	 0 
912	 4141	 4140	 0 	 0 
913	 5122	 5128	 0 	 0 
914	 5128	 5127	 0 	 0 
915	 5138	 5139	 0 	 0 
916	 5252	 5247	 0 	 0 
917	 5248	 4294	 0 	 0 
918	 4294	 4295	 0 	 0 
919	 4295	 4293	 0 	 0 
920	 4293	 4298	 0 	 0 
921	 4298	 5253	 0 	 0 
922	 5253	 5252	 0 	 0 
923	 5255	 3143	 0 	 0 
924	 3143	 4300	 0 	 0 
925	 4299	 5246	 0 	 0 
926	 5252	 5255	 0 	 0 
927	 5824	 5101	 0 	 0 
928	 5101	 5100	 0 	 0 
929	 5100	 6330	 0 	 0 
930	 3152	 3148	 0 	 0 
931	 3140	 2026	 0 	 0 
932	 4015	 2918	 0 	 0 
933	 2918	 2917	 0 	 0 
934	 2915	 4013	 0 	 0 
935	 4293	 2027	 0 	 0 
936	 4297	 4298	 0 	 0 
937	 4274	 4273	 0 	 0 
938	 4272	 4271	 0 	 0 
939	 3126	 860	 0 	 0 
940	 859	 3125	 0 	 0 
941	 4258	 4087	 0 	 0 
942	 4085	 4086	 0 	 0 
943	 4084	 5101	 0 	 0 
944	 6384	 6383	 0 	 0 
945	 6383	 6808	 0 	 0 
946	 6808	 6813	 0 	 0 
947	 6814	 6815	 0 	 0 
948	 3054	 3050	 0 	 0 
949	 3050	 3051	 0 	 0 
950	 3051	 3052	 0 	 0 
951	 3053	 3054	 0 	 0 
952	 4313	 3144	 0 	 0 
953	 3144	 4305	 0 	 0 
954	 4305	 4307	 0 	 0 
955	 3145	 3146	 0 	 0 
956	 1814	 373	 0 	 0 
957	 373	 371	 0 	 0 
958	 4011	 4010	 0 	 0 
959	 4095	 4094	 0 	 0 
960	 4091	 4092	 0 	 0 
961	 4092	 4097	 0 	 0 
962	 4097	 4096	 0 	 0 
963	 5103	 3022	 0 	 0 
964	 3022	 1948	 0 	 0 
965	 1948	 3018	 0 	 0 
966	 3018	 4099	 0 	 0 
967	 3119	 3118	 0 	 0 
968	 3115	 3114	 0 	 0 
969	 3114	 4264	 0 	 0 
970	 4305	 4304	 0 	 0 
971	 4304	 4306	 0 	 0 
972	 4306	 4308	 0 	 0 
973	 4009	 4006	 0 	 0 
974	 4006	 4008	 0 	 0 
975	 4008	 4007	 0 	 0 
976	 7015	 7011	 0 	 0 
977	 7011	 7019	 0 	 0 
978	 1892	 3037	 1 	 0 
979	 856	 4023	 0 	 0 
980	 3121	 3120	 0 	 0 
981	 3120	 4269	 0 	 0 
982	 3154	 2028	 0 	 0 
983	 2028	 963	 0 	 0 
984	 963	 3149	 0 	 0 
985	 3149	 3147	 0 	 0 
986	 3155	 3154	 0 	 0 
987	 5777	 4018	 0 	 0 
988	 4018	 4017	 0 	 0 
989	 5771	 5777	 0 	 0 
990	 3006	 5100	 0 	 0 
991	 2998	 1932	 0 	 0 
992	 5829	 5827	 0 	 0 
993	 7016	 7017	 0 	 0 
994	 2977	 2978	 0 	 0 
995	 2978	 2922	 1 	 0 
996	 7018	 6825	 0 	 0 
997	 6826	 5877	 0 	 0 
998	 5877	 6403	 0 	 0 
999	 4303	 382	 0 	 0 
1000	 382	 3212	 0 	 0 
1001	 7109	 4304	 0 	 1 
1002	 3144	 4317	 0 	 0 
1003	 4317	 7108	 0 	 1 
1004	 5022	 4014	 0 	 0 
1005	 4012	 4008	 0 	 0 
1006	 4006	 5021	 0 	 0 
1007	 5781	 4060	 0 	 0 
1008	 4053	 4062	 0 	 0 
1009	 5782	 5781	 0 	 0 
1010	 3061	 3066	 0 	 0 
1011	 1963	 1965	 0 	 0 
1012	 1965	 3028	 0 	 0 
1013	 2972	 382	 1 	 0 
1014	 3010	 1824	 0 	 0 
1015	 4032	 4031	 0 	 0 
1016	 5271	 4364	 0 	 0 
1017	 5272	 5271	 0 	 0 
1018	 4317	 4316	 0 	 0 
1019	 5125	 5119	 0 	 0 
1020	 5836	 5837	 0 	 0 
1021	 5837	 5838	 0 	 0 
1022	 3124	 3122	 0 	 0 
1023	 3122	 4279	 0 	 0 
1024	 4279	 4278	 0 	 0 
1025	 4137	 4138	 0 	 0 
1026	 5054	 1965	 0 	 0 
1027	 3051	 5053	 0 	 0 
1028	 5053	 5054	 0 	 0 
1029	 2907	 2908	 0 	 0 
1030	 2909	 2910	 0 	 0 
1031	 5236	 5235	 0 	 0 
1032	 5235	 5237	 0 	 0 
1033	 5237	 5238	 0 	 0 
1034	 5875	 6368	 0 	 0 
1035	 6368	 6827	 0 	 0 
1036	 6828	 7002	 0 	 0 
1037	 7002	 7004	 0 	 0 
1038	 3149	 3150	 0 	 0 
1039	 1942	 1936	 0 	 0 
1040	 1937	 939	 0 	 0 
1041	 939	 1940	 0 	 0 
1042	 1940	 1942	 0 	 0 
1043	 1911	 1912	 0 	 0 
1044	 1912	 1913	 0 	 0 
1045	 5126	 5549	 0 	 0 
1046	 5549	 5547	 0 	 0 
1047	 5547	 5542	 0 	 0 
1048	 6365	 5136	 0 	 0 
1049	 952	 351	 0 	 0 
1050	 954	 2030	 0 	 0 
1051	 6781	 6369	 0 	 0 
1052	 6369	 6383	 0 	 0 
1053	 6371	 6370	 0 	 0 
1054	 6370	 6784	 0 	 0 
1055	 4092	 3018	 0 	 0 
1056	 1948	 1947	 0 	 0 
1057	 1945	 4097	 0 	 0 
1058	 3020	 3054	 0 	 0 
1059	 4047	 2936	 0 	 0 
1060	 4048	 4047	 0 	 0 
1061	 4022	 2918	 0 	 0 
1062	 4268	 3122	 0 	 0 
1063	 3123	 2008	 0 	 0 
1064	 4267	 4268	 0 	 0 
1065	 6392	 6393	 0 	 0 
1066	 6818	 6819	 0 	 0 
1067	 4139	 4135	 0 	 0 
1068	 4135	 3059	 0 	 0 
1069	 4142	 4143	 0 	 0 
1070	 5546	 4710	 0 	 0 
1071	 4710	 4711	 0 	 0 
1072	 5547	 5546	 0 	 0 
1073	 3055	 4054	 0 	 0 
1074	 4270	 4277	 0 	 0 
1075	 4277	 4279	 0 	 0 
1076	 4268	 5235	 0 	 0 
1077	 3021	 1946	 0 	 0 
1078	 3022	 3021	 0 	 0 
1079	 5254	 5253	 0 	 0 
1080	 346	 338	 0 	 0 
1081	 6812	 5237	 0 	 1 
1082	 2926	 3211	 0 	 0 
1083	 3211	 4361	 0 	 0 
1084	 1938	 1939	 0 	 0 
1085	 1939	 940	 0 	 0 
1086	 940	 1962	 0 	 0 
1087	 1962	 1961	 0 	 0 
1088	 6368	 6370	 0 	 0 
1089	 914	 1887	 0 	 0 
1090	 5773	 5772	 0 	 0 
1091	 5776	 5777	 0 	 0 
1092	 1962	 3050	 0 	 0 
1093	 4287	 6329	 0 	 0 
1094	 3157	 3154	 0 	 0 
1095	 4147	 344	 0 	 0 
1096	 344	 350	 0 	 0 
1097	 348	 1967	 0 	 0 
1098	 4710	 4709	 0 	 0 
1099	 4709	 4708	 0 	 0 
1100	 5545	 4702	 0 	 0 
1101	 4702	 4719	 0 	 0 
1102	 4720	 4709	 0 	 0 
1103	 5546	 5545	 0 	 0 
1104	 3021	 3072	 0 	 0 
1105	 6783	 6377	 0 	 0 
1106	 3114	 6782	 0 	 1 
1107	 7013	 7012	 0 	 0 
1108	 7012	 7011	 0 	 0 
1109	 6374	 6785	 0 	 0 
1110	 314	 313	 0 	 0 
1111	 318	 344	 0 	 0 
1112	 908	 907	 0 	 0 
1113	 2014	 959	 0 	 0 
1114	 958	 4024	 0 	 0 
1115	 6375	 6376	 0 	 0 
1116	 340	 349	 0 	 0 
1117	 3128	 2010	 0 	 0 
1118	 2011	 5026	 0 	 0 
1119	 3004	 939	 0 	 0 
1120	 1966	 940	 0 	 0 
1121	 1939	 1940	 0 	 0 
1122	 5779	 5061	 0 	 0 
1123	 5057	 5056	 0 	 0 
1124	 5781	 5779	 0 	 0 
1125	 5273	 5270	 0 	 0 
1126	 5270	 5271	 0 	 0 
1127	 3138	 4289	 0 	 0 
1128	 4289	 5548	 0 	 1 
1129	 5548	 5549	 0 	 0 
1130	 1841	 906	 0 	 0 
1131	 5536	 5538	 0 	 0 
1132	 4253	 4255	 0 	 0 
1133	 6364	 4148	 0 	 0 
1134	 4148	 3077	 0 	 0 
1135	 5129	 6358	 0 	 0 
1136	 1912	 1917	 0 	 0 
1137	 6327	 3127	 0 	 0 
1138	 3127	 3120	 0 	 0 
1139	 3127	 4275	 0 	 0 
1140	 4275	 4277	 0 	 0 
1141	 3023	 1950	 0 	 0 
1142	 1950	 4056	 0 	 0 
1143	 4057	 4108	 0 	 0 
1144	 4108	 4107	 0 	 0 
1145	 5783	 5780	 0 	 0 
1146	 5778	 5779	 0 	 0 
1147	 5053	 5051	 0 	 0 
1148	 5055	 5054	 0 	 0 
1149	 953	 955	 0 	 0 
1150	 955	 956	 0 	 0 
1151	 1941	 1942	 0 	 0 
1152	 6363	 4149	 0 	 0 
1153	 5139	 5141	 0 	 0 
1154	 5141	 4148	 0 	 0 
1155	 5020	 4021	 0 	 0 
1156	 5837	 6372	 0 	 0 
1157	 5108	 5105	 0 	 0 
1158	 5105	 5106	 0 	 0 
1159	 5060	 5058	 0 	 0 
1160	 4112	 4111	 0 	 0 
1161	 904	 903	 0 	 0 
1162	 1840	 1881	 0 	 0 
1163	 3143	 5270	 0 	 0 
1164	 4108	 4110	 0 	 0 
1165	 963	 2112	 0 	 0 
1166	 2924	 927	 1 	 0 
1167	 3210	 3211	 0 	 0 
1168	 372	 373	 0 	 0 
1169	 5255	 5257	 0 	 0 
1170	 3000	 4052	 0 	 0 
1171	 5105	 5102	 0 	 0 
1172	 6181	 6184	 0 	 0 
1173	 6390	 4141	 0 	 0 
1174	 2028	 4018	 0 	 0 
1175	 4047	 4046	 0 	 0 
1176	 4295	 4289	 0 	 0 
1177	 7003	 7005	 0 	 0 
1178	 7002	 7012	 0 	 0 
1179	 4029	 4027	 0 	 0 
1180	 5548	 5545	 0 	 0 
1181	 5128	 6357	 0 	 0 
1182	 5140	 5141	 0 	 0 
1183	 4254	 4259	 0 	 0 
1184	 4276	 4275	 0 	 0 
1185	 1502	 332	 0 	 0 
1186	 918	 1889	 0 	 0 
1187	 4707	 1955	 1 	 0 
1188	 955	 352	 0 	 0 
1189	 315	 1809	 0 	 0 
1190	 2978	 2976	 0 	 0 
1191	 4135	 4136	 0 	 0 
1192	 4294	 4702	 0 	 1 
1193	 5877	 5874	 0 	 0 
1194	 5113	 6182	 1 	 0 
1195	 957	 2013	 0 	 0 
1196	 3029	 1950	 0 	 0 
1197	 6185	 4129	 1 	 0 
1198	 6808	 5232	 0 	 1 
1199	 6823	 4306	 0 	 1 
1200	 5234	 6369	 0 	 1 
Cells
id	A0	EdgeNumb	EdgeList	Potential	TCJStrength	ThetaAn	AnStrength	CellPressureType
1	1457.553853	6	1,2,3,4,5,6,	ani	100.000000	1.570000	25.000000	quadratic
2	1312.583796	8	7,8,9,10,11,12,13,14,	ani	100.000000	1.570000	25.000000	quadratic
3	1693.044930	6	15,16,17,18,19,20,	ani	100.000000	1.570000	25.000000	quadratic
4	1446.332109	7	21,22,23,24,25,26,27,	ani	100.000000	1.570000	25.000000	quadratic
5	1153.072493	6	28,29,30,31,32,33,	ani	100.000000	1.570000	25.000000	quadratic
6	1050.350668	7	34,35,36,37,38,39,40,	ani	100.000000	1.570000	25.000000	quadratic
7	1630.866654	8	41,42,43,44,45,46,47,48,	ani	100.000000	1.570000	25.000000	quadratic
8	1583.020688	6	49,50,51,52,53,54,	ani	100.000000	1.570000	25.000000	quadratic
9	1297.303723	6	5,55,56,57,58,59,	ani	100.000000	1.570000	25.000000	quadratic
10	1151.781253	7	60,61,62,63,64,65,66,	ani	100.000000	1.570000	25.000000	quadratic
11	1137.511762	5	67,68,69,70,71,	ani	100.000000	1.570000	25.000000	quadratic
12	1734.217574	5	72,73,74,75,76,	ani	100.000000	1.570000	25.000000	quadratic
13	1218.959951	6	77,78,79,80,81,82,	ani	100.000000	1.570000	25.000000	quadratic
14	1282.174429	6	83,84,85,86,87,88,	ani	100.000000	1.570000	25.000000	quadratic
15	1408.625590	5	89,90,91,92,93,	ani	100.000000	1.570000	25.000000	quadratic
16	1272.657957	4	94,95,96,97,	ani	100.000000	1.570000	25.000000	quadratic
17	1406.946362	6	98,99,100,101,102,103,	ani	100.000000	1.570000	25.000000	quadratic
18	1492.629798	6	104,105,106,107,108,109,	ani	100.000000	1.570000	25.000000	quadratic
19	762.406904	5	110,111,112,113,114,	ani	100.000000	1.570000	25.000000	quadratic
20	1148.866318	6	115,116,117,83,118,119,	ani	100.000000	1.570000	25.000000	quadratic
21	1038.722380	5	120,121,122,123,124,	ani	100.000000	1.570000	25.000000	quadratic
22	1638.904642	6	125,45,126,127,128,129,	ani	100.000000	1.570000	25.000000	quadratic
23	1192.789106	7	130,131,132,133,134,135,136,	ani	100.000000	1.570000	25.000000	quadratic
24	1668.949752	6	137,138,139,140,141,111,	ani	100.000000	1.570000	25.000000	quadratic
25	971.647128	5	142,143,144,145,146,	ani	100.000000	1.570000	25.000000	quadratic
26	1470.918925	5	147,148,149,72,150,	ani	100.000000	1.570000	25.000000	quadratic
27	1061.210951	5	151,152,153,154,155,	ani	100.000000	1.570000	25.000000	quadratic
28	1388.635198	6	156,157,158,159,160,161,	ani	100.000000	1.570000	25.000000	quadratic
29	1650.196597	7	162,163,164,165,166,167,168,	ani	100.000000	1.570000	25.000000	quadratic
30	1141.086113	6	169,170,171,101,172,173,	ani	100.000000	1.570000	25.000000	quadratic
31	1886.739528	6	174,175,176,177,178,179,	ani	100.000000	1.570000	25.000000	quadratic
32	1368.047377	6	180,181,84,117,182,113,	ani	100.000000	1.570000	25.000000	quadratic
33	1046.110094	7	30,183,184,127,185,186,187,	ani	100.000000	1.570000	25.000000	quadratic
34	1330.614615	8	188,189,190,191,192,193,194,195,	ani	100.000000	1.570000	25.000000	quadratic
35	1334.178122	5	196,197,198,199,62,	ani	100.000000	1.570000	25.000000	quadratic
36	1402.258751	7	200,201,202,203,204,205,206,	ani	100.000000	1.570000	25.000000	quadratic
37	1473.489694	6	207,166,208,209,210,211,	ani	100.000000	1.570000	25.000000	quadratic
38	1279.000285	10	212,213,214,215,150,76,216,217,218,18,	ani	100.000000	1.570000	25.000000	quadratic
39	1751.780805	5	219,220,221,222,223,	ani	100.000000	1.570000	25.000000	quadratic
40	1309.777490	8	224,225,226,227,228,152,229,230,	ani	100.000000	1.570000	25.000000	quadratic
41	1579.905406	7	231,232,233,234,235,236,237,	ani	100.000000	1.570000	25.000000	quadratic
42	1473.593581	5	65,238,239,240,241,	ani	100.000000	1.570000	25.000000	quadratic
43	874.301129	8	242,243,244,245,246,247,248,20,	ani	100.000000	1.570000	25.000000	quadratic
44	1555.921290	5	249,250,251,252,253,	ani	100.000000	1.570000	25.000000	quadratic
45	1033.241742	6	254,255,256,257,258,259,	ani	100.000000	1.570000	25.000000	quadratic
46	1270.799243	5	135,260,261,262,263,	ani	100.000000	1.570000	25.000000	quadratic
47	1247.319901	6	264,265,266,267,268,269,	ani	100.000000	1.570000	25.000000	quadratic
48	1484.907661	5	270,271,272,7,273,	ani	100.000000	1.570000	25.000000	quadratic
49	1663.287743	7	274,211,275,276,277,278,279,	ani	100.000000	1.570000	25.000000	quadratic
50	1608.161281	6	280,281,282,276,283,177,	ani	100.000000	1.570000	25.000000	quadratic
51	1603.004062	6	284,285,286,287,288,289,	ani	100.000000	1.570000	25.000000	quadratic
52	1392.060648	5	186,290,291,292,293,	ani	100.000000	1.570000	25.000000	quadratic
53	973.087317	5	294,295,296,297,298,	ani	100.000000	1.570000	25.000000	quadratic
54	1368.606198	5	299,300,301,302,303,	ani	100.000000	1.570000	25.000000	quadratic
55	1345.350691	6	304,39,305,306,294,307,	ani	100.000000	1.570000	25.000000	quadratic
56	1361.451081	8	308,309,310,311,312,313,314,315,	ani	100.000000	1.570000	25.000000	quadratic
57	1386.608006	6	316,317,318,319,320,321,	ani	100.000000	1.570000	25.000000	quadratic
58	1322.585891	6	322,323,324,325,326,327,	ani	100.000000	1.570000	25.000000	quadratic
59	1432.878611	6	328,329,330,331,332,333,	ani	100.000000	1.570000	25.000000	quadratic
60	1184.597405	6	334,220,335,336,337,289,	ani	100.000000	1.570000	25.000000	quadratic
61	1435.225286	8	338,339,340,94,341,342,343,344,	ani	100.000000	1.570000	25.000000	quadratic
62	1637.196863	6	345,346,347,348,349,350,	ani	100.000000	1.570000	25.000000	quadratic
63	1733.159558	7	351,352,353,354,324,355,356,	ani	100.000000	1.570000	25.000000	quadratic
64	1566.167282	6	357,358,359,360,361,362,	ani	100.000000	1.570000	25.000000	quadratic
65	1217.519853	5	363,160,364,365,366,	ani	100.000000	1.570000	25.000000	quadratic
66	1646.068996	7	367,368,369,370,371,372,373,	ani	100.000000	1.570000	25.000000	quadratic
67	1464.803367	6	374,278,375,376,377,378,	ani	100.000000	1.570000	25.000000	quadratic
68	957.825236	6	379,380,381,382,338,383,	ani	100.000000	1.570000	25.000000	quadratic
69	1357.554664	6	258,384,385,386,387,388,	ani	100.000000	1.570000	25.000000	quadratic
70	1705.716799	6	389,390,391,10,392,393,	ani	100.000000	1.570000	25.000000	quadratic
71	1268.332579	6	394,395,396,397,398,399,	ani	100.000000	1.570000	25.000000	quadratic
72	1271.404214	5	282,400,401,375,277,	ani	100.000000	1.570000	25.000000	quadratic
73	1105.221561	6	402,403,291,404,405,406,	ani	100.000000	1.570000	25.000000	quadratic
74	1284.207365	6	178,283,275,210,407,408,	ani	100.000000	1.570000	25.000000	quadratic
75	1330.510021	6	409,410,411,331,412,413,	ani	100.000000	1.570000	25.000000	quadratic
76	1278.377831	6	414,415,193,416,15,248,	ani	100.000000	1.570000	25.000000	quadratic
77	1268.676463	6	417,418,419,420,421,422,	ani	100.000000	1.570000	25.000000	quadratic
78	1103.740413	7	423,424,425,426,427,428,429,	ani	100.000000	1.570000	25.000000	quadratic
79	924.944064	5	430,417,431,432,433,	ani	100.000000	1.570000	25.000000	quadratic
80	1529.854351	5	144,434,12,435,436,	ani	100.000000	1.570000	25.000000	quadratic
81	1335.141044	7	437,438,439,440,441,442,3,	ani	100.000000	1.570000	25.000000	quadratic
82	1405.931497	6	443,444,445,446,447,448,	ani	100.000000	1.570000	25.000000	quadratic
83	1393.645189	8	449,371,450,451,452,453,454,455,	ani	100.000000	1.570000	25.000000	quadratic
84	1214.553738	5	118,88,456,457,458,	ani	100.000000	1.570000	25.000000	quadratic
85	1382.379879	6	459,460,122,461,462,463,	ani	100.000000	1.570000	25.000000	quadratic
86	1468.970322	7	464,465,302,466,467,188,468,	ani	100.000000	1.570000	25.000000	quadratic
87	1184.928406	6	469,470,471,472,473,232,	ani	100.000000	1.570000	25.000000	quadratic
88	1508.461678	6	474,475,476,120,477,478,	ani	100.000000	1.570000	25.000000	quadratic
89	1533.214611	6	479,480,481,482,414,247,	ani	100.000000	1.570000	25.000000	quadratic
90	1408.864504	6	483,484,214,485,486,487,	ani	100.000000	1.570000	25.000000	quadratic
91	1286.545508	5	424,488,489,490,491,	ani	100.000000	1.570000	25.000000	quadratic
92	1451.418551	5	492,493,249,494,495,	ani	100.000000	1.570000	25.000000	quadratic
93	1480.676474	7	496,497,498,499,500,501,154,	ani	100.000000	1.570000	25.000000	quadratic
94	1336.080804	6	397,502,503,504,505,506,	ani	100.000000	1.570000	25.000000	quadratic
95	1262.861977	7	507,508,509,510,511,512,513,	ani	100.000000	1.570000	25.000000	quadratic
96	1401.935384	5	514,109,515,516,517,	ani	100.000000	1.570000	25.000000	quadratic
97	1371.825474	7	518,519,520,521,522,523,470,	ani	100.000000	1.570000	25.000000	quadratic
98	1396.603011	5	190,524,525,526,527,	ani	100.000000	1.570000	25.000000	quadratic
99	1542.270512	5	528,529,530,531,532,	ani	100.000000	1.570000	25.000000	quadratic
100	1476.429575	6	533,534,535,536,537,538,	ani	100.000000	1.570000	25.000000	quadratic
101	962.493586	6	319,539,540,359,541,542,	ani	100.000000	1.570000	25.000000	quadratic
102	1652.310330	7	543,544,545,546,161,363,547,	ani	100.000000	1.570000	25.000000	quadratic
103	1258.839570	5	548,549,541,358,550,	ani	100.000000	1.570000	25.000000	quadratic
104	1345.093611	7	551,552,553,554,439,555,556,	ani	100.000000	1.570000	25.000000	quadratic
105	1618.484067	7	557,383,344,558,559,560,561,	ani	100.000000	1.570000	25.000000	quadratic
106	1460.662099	6	123,460,562,563,564,565,	ani	100.000000	1.570000	25.000000	quadratic
107	1085.917538	5	510,566,567,568,569,	ani	100.000000	1.570000	25.000000	quadratic
108	1281.778606	7	570,571,572,573,50,574,575,	ani	100.000000	1.570000	25.000000	quadratic
109	1348.980615	6	576,577,321,578,303,465,	ani	100.000000	1.570000	25.000000	quadratic
110	1346.221600	6	579,580,581,252,582,583,	ani	100.000000	1.570000	25.000000	quadratic
111	1402.130745	8	584,585,399,586,587,588,589,78,	ani	100.000000	1.570000	25.000000	quadratic
112	1247.742063	5	590,591,206,592,593,	ani	100.000000	1.570000	25.000000	quadratic
113	1201.023480	7	594,595,390,596,597,598,599,	ani	100.000000	1.570000	25.000000	quadratic
114	1380.535518	6	600,601,147,215,484,602,	ani	100.000000	1.570000	25.000000	quadratic
115	1509.717525	6	462,603,604,605,606,607,	ani	100.000000	1.570000	25.000000	quadratic
116	1521.909454	6	608,609,610,611,612,613,	ani	100.000000	1.570000	25.000000	quadratic
117	1268.840224	6	614,588,615,372,449,616,	ani	100.000000	1.570000	25.000000	quadratic
118	1887.742205	5	216,75,617,618,619,	ani	100.000000	1.570000	25.000000	quadratic
119	1150.577486	7	620,621,129,622,623,624,625,	ani	100.000000	1.570000	25.000000	quadratic
120	1557.033751	8	626,627,628,629,630,631,328,632,	ani	100.000000	1.570000	25.000000	quadratic
121	1261.034712	5	229,151,633,634,635,	ani	100.000000	1.570000	25.000000	quadratic
122	1486.045538	8	636,637,638,639,640,641,431,422,	ani	100.000000	1.570000	25.000000	quadratic
123	1555.703507	7	642,643,644,314,645,646,647,	ani	100.000000	1.570000	25.000000	quadratic
124	1592.733258	4	571,648,533,649,	ani	100.000000	1.570000	25.000000	quadratic
125	1351.129933	6	624,650,413,651,652,653,	ani	100.000000	1.570000	25.000000	quadratic
126	1153.085821	5	654,583,655,656,657,	ani	100.000000	1.570000	25.000000	quadratic
127	1287.714403	5	658,659,660,453,661,	ani	100.000000	1.570000	25.000000	quadratic
128	1376.911043	5	662,663,664,665,666,	ani	100.000000	1.570000	25.000000	quadratic
129	1410.755596	5	667,668,669,643,670,	ani	100.000000	1.570000	25.000000	quadratic
130	1433.203711	5	671,386,672,673,674,	ani	100.000000	1.570000	25.000000	quadratic
131	1718.343210	5	675,676,677,678,133,	ani	100.000000	1.570000	25.000000	quadratic
132	1663.715157	7	679,680,429,681,682,683,532,	ani	100.000000	1.570000	25.000000	quadratic
133	1528.844403	6	537,684,685,597,686,687,	ani	100.000000	1.570000	25.000000	quadratic
134	950.040994	5	445,688,406,689,690,	ani	100.000000	1.570000	25.000000	quadratic
135	1336.009408	8	564,691,692,489,693,694,695,696,	ani	100.000000	1.570000	25.000000	quadratic
136	1333.876693	6	697,698,699,700,394,585,	ani	100.000000	1.570000	25.000000	quadratic
137	1195.098413	5	701,702,593,703,704,	ani	100.000000	1.570000	25.000000	quadratic
138	1365.878019	7	705,706,104,514,707,446,690,	ani	100.000000	1.570000	25.000000	quadratic
139	1790.374914	8	708,709,710,711,712,713,714,715,	ani	100.000000	1.570000	25.000000	quadratic
140	1817.074632	6	716,73,149,717,169,718,	ani	100.000000	1.570000	25.000000	quadratic
141	1254.794280	6	366,719,179,408,720,547,	ani	100.000000	1.570000	25.000000	quadratic
142	943.096709	5	523,721,561,722,471,	ani	100.000000	1.570000	25.000000	quadratic
143	1205.318877	7	683,723,724,725,726,727,528,	ani	100.000000	1.570000	25.000000	quadratic
144	1279.658071	7	365,728,729,730,731,174,719,	ani	100.000000	1.570000	25.000000	quadratic
145	1455.727085	7	501,732,733,158,734,633,155,	ani	100.000000	1.570000	25.000000	quadratic
146	1003.438624	7	74,716,735,736,737,738,617,	ani	100.000000	1.570000	25.000000	quadratic
147	944.234693	6	703,592,205,739,507,740,	ani	100.000000	1.570000	25.000000	quadratic
148	1465.886924	6	569,741,715,742,743,511,	ani	100.000000	1.570000	25.000000	quadratic
149	1270.561740	4	665,744,745,746,	ani	100.000000	1.570000	25.000000	quadratic
150	1105.145846	5	747,227,748,608,749,	ani	100.000000	1.570000	25.000000	quadratic
151	1413.852529	8	750,751,92,752,753,754,755,243,	ani	100.000000	1.570000	25.000000	quadratic
152	1422.219655	6	756,495,757,21,758,759,	ani	100.000000	1.570000	25.000000	quadratic
153	1328.404164	5	760,761,762,763,764,	ani	100.000000	1.570000	25.000000	quadratic
154	1435.586509	6	765,684,536,766,200,591,	ani	100.000000	1.570000	25.000000	quadratic
155	1470.433046	5	535,767,768,201,766,	ani	100.000000	1.570000	25.000000	quadratic
156	1262.220144	7	32,769,309,770,771,772,773,	ani	100.000000	1.570000	25.000000	quadratic
157	1488.196581	6	774,775,776,777,778,235,	ani	100.000000	1.570000	25.000000	quadratic
158	1358.467914	6	623,779,780,781,409,650,	ani	100.000000	1.570000	25.000000	quadratic
159	1587.655671	6	782,783,784,785,322,786,	ani	100.000000	1.570000	25.000000	quadratic
160	1221.303919	6	513,787,356,788,704,740,	ani	100.000000	1.570000	25.000000	quadratic
161	1388.614860	5	99,789,790,225,791,	ani	100.000000	1.570000	25.000000	quadratic
162	1042.180214	8	792,784,793,598,685,765,590,702,	ani	100.000000	1.570000	25.000000	quadratic
163	1335.587336	8	228,747,794,795,796,797,496,153,	ani	100.000000	1.570000	25.000000	quadratic
164	1259.792310	8	22,757,494,253,581,798,799,800,	ani	100.000000	1.570000	25.000000	quadratic
165	1282.174807	6	801,802,691,563,803,804,	ani	100.000000	1.570000	25.000000	quadratic
166	1444.147132	5	805,377,806,723,682,	ani	100.000000	1.570000	25.000000	quadratic
167	1753.878383	7	807,497,797,808,809,672,385,	ani	100.000000	1.570000	25.000000	quadratic
168	1511.715336	5	257,810,498,807,384,	ani	100.000000	1.570000	25.000000	quadratic
169	1630.689064	5	652,811,812,60,813,	ani	100.000000	1.570000	25.000000	quadratic
170	1348.687109	4	814,815,816,817,	ani	100.000000	1.570000	25.000000	quadratic
171	1595.907821	7	818,295,306,819,775,820,81,	ani	100.000000	1.570000	25.000000	quadratic
172	1325.187078	6	141,821,712,822,180,112,	ani	100.000000	1.570000	25.000000	quadratic
173	1204.000475	5	823,269,824,551,825,	ani	100.000000	1.570000	25.000000	quadratic
174	1300.297322	5	826,105,706,827,42,	ani	100.000000	1.570000	25.000000	quadratic
175	1502.652921	6	108,828,368,829,830,515,	ani	100.000000	1.570000	25.000000	quadratic
176	1361.956476	6	831,832,833,341,97,834,	ani	100.000000	1.570000	25.000000	quadratic
177	1502.380244	5	835,335,219,836,837,	ani	100.000000	1.570000	25.000000	quadratic
178	1378.102975	6	512,743,838,839,351,787,	ani	100.000000	1.570000	25.000000	quadratic
179	1081.654088	6	656,840,259,388,841,842,	ani	100.000000	1.570000	25.000000	quadratic
180	1118.497072	6	435,11,391,595,843,844,	ani	100.000000	1.570000	25.000000	quadratic
181	1311.147113	5	845,846,296,818,80,	ani	100.000000	1.570000	25.000000	quadratic
182	1212.177852	6	343,847,502,396,848,558,	ani	100.000000	1.570000	25.000000	quadratic
183	1247.937307	5	849,347,850,851,852,	ani	100.000000	1.570000	25.000000	quadratic
184	1588.438028	8	853,854,481,855,856,801,857,858,	ani	100.000000	1.570000	25.000000	quadratic
185	1034.254063	6	859,860,861,630,862,863,	ani	100.000000	1.570000	25.000000	quadratic
186	1633.794790	5	381,864,795,865,866,	ani	100.000000	1.570000	25.000000	quadratic
187	1465.049257	5	867,776,819,305,38,	ani	100.000000	1.570000	25.000000	quadratic
188	1068.496650	5	240,868,869,620,870,	ani	100.000000	1.570000	25.000000	quadratic
189	1591.095469	5	871,362,872,1,873,	ani	100.000000	1.570000	25.000000	quadratic
190	1584.039223	7	634,734,157,874,875,737,876,	ani	100.000000	1.570000	25.000000	quadratic
191	1750.623262	5	877,46,125,621,869,	ani	100.000000	1.570000	25.000000	quadratic
192	1361.532935	6	575,878,879,789,98,880,	ani	100.000000	1.570000	25.000000	quadratic
193	1472.635937	6	881,882,883,884,885,886,	ani	100.000000	1.570000	25.000000	quadratic
194	1557.727982	6	820,774,234,887,888,82,	ani	100.000000	1.570000	25.000000	quadratic
195	1234.311572	5	364,159,733,889,728,	ani	100.000000	1.570000	25.000000	quadratic
196	1349.065983	6	890,726,891,146,892,893,	ani	100.000000	1.570000	25.000000	quadratic
197	1180.557327	6	618,738,875,894,89,895,	ani	100.000000	1.570000	25.000000	quadratic
198	1214.817886	6	896,897,119,458,898,899,	ani	100.000000	1.570000	25.000000	quadratic
199	1666.806117	6	798,580,900,901,553,902,	ani	100.000000	1.570000	25.000000	quadratic
200	1326.951140	4	903,709,904,638,	ani	100.000000	1.570000	25.000000	quadratic
201	1091.785051	7	905,906,451,907,761,908,909,	ani	100.000000	1.570000	25.000000	quadratic
202	1405.715449	9	910,911,912,855,480,913,914,162,915,	ani	100.000000	1.570000	25.000000	quadratic
203	1260.145977	8	916,419,917,918,919,920,921,922,	ani	100.000000	1.570000	25.000000	quadratic
204	1275.730930	7	923,924,659,925,420,916,926,	ani	100.000000	1.570000	25.000000	quadratic
205	1987.757698	5	457,927,928,929,898,	ani	100.000000	1.570000	25.000000	quadratic
206	1552.243561	6	930,35,931,524,189,467,	ani	100.000000	1.570000	25.000000	quadratic
207	1776.507339	6	932,933,657,842,934,814,	ani	100.000000	1.570000	25.000000	quadratic
208	1453.769094	6	920,935,525,931,34,936,	ani	100.000000	1.570000	25.000000	quadratic
209	1542.722198	6	812,937,886,938,196,61,	ani	100.000000	1.570000	25.000000	quadratic
210	1429.543110	6	939,329,631,861,940,882,	ani	100.000000	1.570000	25.000000	quadratic
211	1351.929907	8	87,941,764,942,48,943,927,456,	ani	100.000000	1.570000	25.000000	quadratic
212	1602.046098	7	836,223,944,945,946,478,947,	ani	100.000000	1.570000	25.000000	quadratic
213	1292.540223	5	948,949,950,271,951,	ani	100.000000	1.570000	25.000000	quadratic
214	1453.913884	7	952,953,954,606,955,316,577,	ani	100.000000	1.570000	25.000000	quadratic
215	1405.074541	6	673,809,956,957,521,958,	ani	100.000000	1.570000	25.000000	quadratic
216	1254.661999	7	759,959,273,14,960,961,962,	ani	100.000000	1.570000	25.000000	quadratic
217	1437.566274	7	725,963,964,965,966,142,891,	ani	100.000000	1.570000	25.000000	quadratic
218	1159.466989	7	182,116,967,676,968,969,114,	ani	100.000000	1.570000	25.000000	quadratic
219	1373.754121	6	607,954,970,971,972,463,	ani	100.000000	1.570000	25.000000	quadratic
220	1452.607274	6	520,973,974,975,674,958,	ani	100.000000	1.570000	25.000000	quadratic
221	1667.946185	5	727,890,976,977,529,	ani	100.000000	1.570000	25.000000	quadratic
222	1514.140689	7	103,978,767,534,648,570,880,	ani	100.000000	1.570000	25.000000	quadratic
223	1482.353689	4	554,901,979,440,	ani	100.000000	1.570000	25.000000	quadratic
224	1144.323817	5	678,980,981,260,134,	ani	100.000000	1.570000	25.000000	quadratic
225	1645.692249	6	982,983,984,985,300,986,	ani	100.000000	1.570000	25.000000	quadratic
226	1453.562586	6	987,988,550,357,871,989,	ani	100.000000	1.570000	25.000000	quadratic
227	1140.221525	7	943,47,877,868,239,990,928,	ani	100.000000	1.570000	25.000000	quadratic
228	1491.801698	6	405,991,43,827,705,689,	ani	100.000000	1.570000	25.000000	quadratic
229	1635.013925	7	892,145,436,844,992,662,993,	ani	100.000000	1.570000	25.000000	quadratic
230	1098.511925	6	994,995,503,847,342,833,	ani	100.000000	1.570000	25.000000	quadratic
231	1646.906235	6	996,285,997,998,679,531,	ani	100.000000	1.570000	25.000000	quadratic
232	1394.872567	6	925,658,999,1000,636,421,	ani	100.000000	1.570000	25.000000	quadratic
233	1308.777508	6	858,1001,970,953,1002,1003,	ani	100.000000	1.570000	25.000000	quadratic
234	1775.575473	6	1004,816,1005,974,1006,56,	ani	100.000000	1.570000	25.000000	quadratic
235	1787.043193	6	1007,645,313,1008,443,1009,	ani	100.000000	1.570000	25.000000	quadratic
236	1472.914100	6	894,874,156,546,1010,90,	ani	100.000000	1.570000	25.000000	quadratic
237	1301.168020	4	9,1011,1012,392,	ani	100.000000	1.570000	25.000000	quadratic
238	1424.382708	5	452,906,1013,999,661,	ani	100.000000	1.570000	25.000000	quadratic
239	1809.331226	6	332,411,1014,264,823,1015,	ani	100.000000	1.570000	25.000000	quadratic
240	1391.045322	6	1016,845,79,589,614,1017,	ani	100.000000	1.570000	25.000000	quadratic
241	1188.055457	6	1003,1018,468,195,1019,853,	ani	100.000000	1.570000	25.000000	quadratic
242	1864.635459	5	714,1020,1021,838,742,	ani	100.000000	1.570000	25.000000	quadratic
243	1641.192489	6	197,938,885,1022,1023,1024,	ani	100.000000	1.570000	25.000000	quadratic
244	1496.362720	5	752,91,1010,545,1025,	ani	100.000000	1.570000	25.000000	quadratic
245	1792.413308	7	1026,1011,8,272,950,1027,1028,	ani	100.000000	1.570000	25.000000	quadratic
246	1135.292362	5	23,800,1029,267,1030,	ani	100.000000	1.570000	25.000000	quadratic
247	1610.512189	5	263,1031,1032,1033,136,	ani	100.000000	1.570000	25.000000	quadratic
248	1441.590738	6	326,1034,1035,287,1036,1037,	ani	100.000000	1.570000	25.000000	quadratic
249	926.402567	5	482,854,1019,194,415,	ani	100.000000	1.570000	25.000000	quadratic
250	1690.382815	6	301,985,1038,36,930,466,	ani	100.000000	1.570000	25.000000	quadratic
251	1589.607921	5	1039,780,1040,1041,1042,	ani	100.000000	1.570000	25.000000	quadratic
252	1570.019496	6	450,370,1043,1044,762,907,	ani	100.000000	1.570000	25.000000	quadratic
253	1454.873094	6	192,1045,1046,1047,16,416,	ani	100.000000	1.570000	25.000000	quadratic
254	1146.642632	5	428,1048,378,805,681,	ani	100.000000	1.570000	25.000000	quadratic
255	1300.289022	6	605,1049,859,1050,317,955,	ani	100.000000	1.570000	25.000000	quadratic
256	1507.286253	7	1051,1052,944,222,1053,1054,70,	ani	100.000000	1.570000	25.000000	quadratic
257	1289.734177	6	355,323,785,792,701,788,	ani	100.000000	1.570000	25.000000	quadratic
258	1432.567371	6	1055,965,1056,851,1057,961,	ani	100.000000	1.570000	25.000000	quadratic
259	1214.483386	6	758,27,1058,951,270,959,	ani	100.000000	1.570000	25.000000	quadratic
260	1026.009394	6	1059,230,635,876,736,1060,	ani	100.000000	1.570000	25.000000	quadratic
261	1105.350166	7	442,1061,932,817,1004,55,4,	ani	100.000000	1.570000	25.000000	quadratic
262	1421.279038	9	1062,1022,884,1063,603,461,121,476,1064,	ani	100.000000	1.570000	25.000000	quadratic
263	1289.486724	5	695,1065,336,835,1066,	ani	100.000000	1.570000	25.000000	quadratic
264	1053.771108	6	754,1067,1068,208,165,1069,	ani	100.000000	1.570000	25.000000	quadratic
265	1426.013020	6	1070,1071,212,17,1047,1072,	ani	100.000000	1.570000	25.000000	quadratic
266	1435.430498	6	31,187,293,1073,310,769,	ani	100.000000	1.570000	25.000000	quadratic
267	1232.052500	7	262,1074,1075,1023,1062,1076,1031,	ani	100.000000	1.570000	25.000000	quadratic
268	1761.495487	5	1077,852,1056,964,1078,	ani	100.000000	1.570000	25.000000	quadratic
269	1266.356489	5	921,936,40,304,1079,	ani	100.000000	1.570000	25.000000	quadratic
270	1089.938987	7	1057,850,346,1080,492,756,962,	ani	100.000000	1.570000	25.000000	quadratic
271	1515.393937	5	1076,1064,475,1081,1032,	ani	100.000000	1.570000	25.000000	quadratic
272	1404.755432	5	398,506,1082,1083,586,	ani	100.000000	1.570000	25.000000	quadratic
273	1454.751131	5	25,1084,1085,1086,1087,	ani	100.000000	1.570000	25.000000	quadratic
274	1263.473576	6	1035,1088,1053,221,334,288,	ani	100.000000	1.570000	25.000000	quadratic
275	1899.460131	5	794,749,613,1089,865,	ani	100.000000	1.570000	25.000000	quadratic
276	945.983480	7	989,873,6,59,1090,237,1091,	ani	100.000000	1.570000	25.000000	quadratic
277	1594.033020	7	1066,837,947,477,124,565,696,	ani	100.000000	1.570000	25.000000	quadratic
278	1361.878470	5	1058,26,1087,1092,948,	ani	100.000000	1.570000	25.000000	quadratic
279	1469.137710	7	934,841,387,671,975,1005,815,	ani	100.000000	1.570000	25.000000	quadratic
280	1069.295404	6	929,990,238,64,1093,899,	ani	100.000000	1.570000	25.000000	quadratic
281	1224.222820	7	320,542,549,1094,986,299,578,	ani	100.000000	1.570000	25.000000	quadratic
282	1280.523305	6	1095,1096,349,1097,280,176,	ani	100.000000	1.570000	25.000000	quadratic
283	1168.853312	5	1071,1098,1099,485,213,	ani	100.000000	1.570000	25.000000	quadratic
284	1417.595772	7	1100,1101,433,1102,1098,1070,1103,	ani	100.000000	1.570000	25.000000	quadratic
285	1674.498278	7	281,1097,348,849,1077,1104,400,	ani	100.000000	1.570000	25.000000	quadratic
286	1272.459838	6	1105,137,110,969,1106,68,	ani	100.000000	1.570000	25.000000	quadratic
287	967.962156	7	666,746,1107,1108,976,893,993,	ani	100.000000	1.570000	25.000000	quadratic
288	1098.501937	7	1054,1088,1034,325,354,1109,71,	ani	100.000000	1.570000	25.000000	quadratic
289	1334.963967	6	731,1110,255,1111,1095,175,	ani	100.000000	1.570000	25.000000	quadratic
290	1531.023984	6	609,748,226,790,879,1112,	ani	100.000000	1.570000	25.000000	quadratic
291	1748.781483	6	966,1055,960,13,434,143,	ani	100.000000	1.570000	25.000000	quadratic
292	1036.424118	7	872,361,1113,627,1114,437,2,	ani	100.000000	1.570000	25.000000	quadratic
293	1530.684672	6	625,653,813,66,241,870,	ani	100.000000	1.570000	25.000000	quadratic
294	1209.570921	6	1109,353,1115,138,1105,67,	ani	100.000000	1.570000	25.000000	quadratic
295	1504.866801	9	655,582,251,1116,350,1096,1111,254,840,	ani	100.000000	1.570000	25.000000	quadratic
296	1436.255419	6	722,560,1117,699,1118,472,	ani	100.000000	1.570000	25.000000	quadratic
297	1544.295272	6	128,184,1119,1040,779,622,	ani	100.000000	1.570000	25.000000	quadratic
298	1704.209510	7	29,1120,1085,1121,1041,1119,183,	ani	100.000000	1.570000	25.000000	quadratic
299	1420.072318	6	1122,52,1123,646,1007,1124,	ani	100.000000	1.570000	25.000000	quadratic
300	1313.073684	5	1125,1126,1017,616,455,	ani	100.000000	1.570000	25.000000	quadratic
301	1806.278188	6	1045,191,527,1127,1128,1129,	ani	100.000000	1.570000	25.000000	quadratic
302	1144.706257	6	1130,610,1112,878,574,49,	ani	100.000000	1.570000	25.000000	quadratic
303	1344.686281	5	19,218,1131,750,242,	ani	100.000000	1.570000	25.000000	quadratic
304	1587.039603	7	637,1000,1013,905,1132,710,903,	ani	100.000000	1.570000	25.000000	quadratic
305	1911.186265	6	1133,1134,279,374,1048,427,	ani	100.000000	1.570000	25.000000	quadratic
306	1434.769509	5	848,395,700,1117,559,	ani	100.000000	1.570000	25.000000	quadratic
307	1382.345302	5	755,1069,164,1135,244,	ani	100.000000	1.570000	25.000000	quadratic
308	1188.572443	7	806,376,401,1104,1078,963,724,	ani	100.000000	1.570000	25.000000	quadratic
309	1355.460161	7	763,1044,1136,106,826,41,942,	ani	100.000000	1.570000	25.000000	quadratic
310	1591.638062	7	1137,1138,980,677,967,115,897,	ani	100.000000	1.570000	25.000000	quadratic
311	1482.196432	6	1074,261,981,1138,1139,1140,	ani	100.000000	1.570000	25.000000	quadratic
312	1396.884833	5	1116,250,493,1080,345,	ani	100.000000	1.570000	25.000000	quadratic
313	1415.668710	6	668,1141,1142,771,1143,1144,	ani	100.000000	1.570000	25.000000	quadratic
314	1663.066649	6	1145,831,1146,1124,1009,448,	ani	100.000000	1.570000	25.000000	quadratic
315	1562.438537	5	1028,1147,33,773,1148,	ani	100.000000	1.570000	25.000000	quadratic
316	1598.226461	6	1050,863,1149,1150,539,318,	ani	100.000000	1.570000	25.000000	quadratic
317	1931.591483	7	266,1151,1042,1121,1084,24,1030,	ani	100.000000	1.570000	25.000000	quadratic
318	1322.885525	6	1152,910,1153,1154,1133,426,	ani	100.000000	1.570000	25.000000	quadratic
319	831.252257	6	58,1155,518,469,231,1090,	ani	100.000000	1.570000	25.000000	quadratic
320	1262.971871	6	352,839,1021,1156,139,1115,	ani	100.000000	1.570000	25.000000	quadratic
321	1388.639023	5	1157,1158,599,793,783,	ani	100.000000	1.570000	25.000000	quadratic
322	1596.224367	5	1159,647,1123,51,573,	ani	100.000000	1.570000	25.000000	quadratic
323	1723.232756	8	572,649,538,687,1160,670,642,1159,	ani	100.000000	1.570000	25.000000	quadratic
324	1493.160911	7	340,1161,611,1130,54,1162,95,	ani	100.000000	1.570000	25.000000	quadratic
325	1560.029499	5	454,660,924,1163,1125,	ani	100.000000	1.570000	25.000000	quadratic
326	1398.883383	6	126,44,991,404,290,185,	ani	100.000000	1.570000	25.000000	quadratic
327	1485.860790	5	644,669,1144,1164,315,	ani	100.000000	1.570000	25.000000	quadratic
328	1467.535816	6	984,1165,777,867,37,1038,	ani	100.000000	1.570000	25.000000	quadratic
329	1808.699743	6	1082,505,1166,829,367,1167,	ani	100.000000	1.570000	25.000000	quadratic
330	1313.845549	6	380,1168,956,808,796,864,	ani	100.000000	1.570000	25.000000	quadratic
331	1332.784333	7	979,900,579,654,933,1061,441,	ani	100.000000	1.570000	25.000000	quadratic
332	1240.500142	5	1083,1167,373,615,587,	ani	100.000000	1.570000	25.000000	quadratic
333	1439.817137	7	1163,923,1169,297,846,1016,1126,	ani	100.000000	1.570000	25.000000	quadratic
334	1527.071207	6	940,860,1049,604,1063,883,	ani	100.000000	1.570000	25.000000	quadratic
335	1551.602752	5	1136,1043,369,828,107,	ani	100.000000	1.570000	25.000000	quadratic
336	1351.914789	5	1073,292,403,1170,311,	ani	100.000000	1.570000	25.000000	quadratic
337	1622.989848	6	843,594,1158,1171,663,992,	ani	100.000000	1.570000	25.000000	quadratic
338	1384.637958	5	1006,973,519,1155,57,	ani	100.000000	1.570000	25.000000	quadratic
339	1101.714430	6	486,1099,1102,432,641,1172,	ani	100.000000	1.570000	25.000000	quadratic
340	1449.623296	6	522,957,1168,379,557,721,	ani	100.000000	1.570000	25.000000	quadratic
341	1117.024545	7	1027,949,1092,1086,1120,28,1147,	ani	100.000000	1.570000	25.000000	quadratic
342	1124.897039	5	1173,911,1152,425,491,	ani	100.000000	1.570000	25.000000	quadratic
343	1475.706307	7	236,778,1165,983,1174,987,1091,	ani	100.000000	1.570000	25.000000	quadratic
344	1605.180545	6	1089,612,1161,339,382,866,	ani	100.000000	1.570000	25.000000	quadratic
345	1379.326735	6	172,100,791,224,1059,1175,	ani	100.000000	1.570000	25.000000	quadratic
346	1517.157023	5	1176,1127,526,935,919,	ani	100.000000	1.570000	25.000000	quadratic
347	1210.822877	6	1169,926,922,1079,307,298,	ani	100.000000	1.570000	25.000000	quadratic
348	991.059920	7	745,1177,786,327,1037,1178,1107,	ani	100.000000	1.570000	25.000000	quadratic
349	1215.811248	5	555,438,1114,626,1179,	ani	100.000000	1.570000	25.000000	quadratic
350	1438.810448	5	1180,1103,1072,1046,1129,	ani	100.000000	1.570000	25.000000	quadratic
351	1732.005555	6	444,1008,312,1170,402,688,	ani	100.000000	1.570000	25.000000	quadratic
352	1798.336690	5	1135,163,914,1181,245,	ani	100.000000	1.570000	25.000000	quadratic
353	1602.961262	5	1174,982,1094,548,988,	ani	100.000000	1.570000	25.000000	quadratic
354	1125.279515	6	93,751,1131,217,619,895,	ani	100.000000	1.570000	25.000000	quadratic
355	1669.752580	4	1153,915,168,1182,	ani	100.000000	1.570000	25.000000	quadratic
356	1295.059134	7	181,822,711,1132,909,1183,85,	ani	100.000000	1.570000	25.000000	quadratic
357	1508.580774	7	1093,63,199,1184,1139,1137,896,	ani	100.000000	1.570000	25.000000	quadratic
358	1527.575686	7	601,1185,203,1186,170,717,148,	ani	100.000000	1.570000	25.000000	quadratic
359	1698.036433	7	977,1108,1178,1036,286,996,530,	ani	100.000000	1.570000	25.000000	quadratic
360	1463.089288	4	1181,913,479,246,	ani	100.000000	1.570000	25.000000	quadratic
361	1337.470346	6	508,739,204,1185,600,1187,	ani	100.000000	1.570000	25.000000	quadratic
362	1106.400247	6	540,1150,1188,628,1113,360,	ani	100.000000	1.570000	25.000000	quadratic
363	1113.620508	6	825,556,1179,632,333,1015,	ani	100.000000	1.570000	25.000000	quadratic
364	1099.712031	5	173,1175,1060,735,718,	ani	100.000000	1.570000	25.000000	quadratic
365	1573.585936	6	810,256,1110,730,1189,499,	ani	100.000000	1.570000	25.000000	quadratic
366	1352.058431	6	995,1190,516,830,1166,504,	ani	100.000000	1.570000	25.000000	quadratic
367	1654.136796	6	407,209,1068,1191,543,720,	ani	100.000000	1.570000	25.000000	quadratic
368	1751.204958	6	167,207,274,1134,1154,1182,	ani	100.000000	1.570000	25.000000	quadratic
369	1250.059956	6	1128,1176,918,1192,1100,1180,	ani	100.000000	1.570000	25.000000	quadratic
370	1452.010633	6	998,1193,693,488,423,680,	ani	100.000000	1.570000	25.000000	quadratic
371	1274.852937	6	337,1065,694,1193,997,284,	ani	100.000000	1.570000	25.000000	quadratic
372	1510.428730	6	568,1194,639,904,708,741,	ani	100.000000	1.570000	25.000000	quadratic
373	1501.194041	5	1075,1140,1184,198,1024,	ani	100.000000	1.570000	25.000000	quadratic
374	1275.624871	5	1025,544,1191,1067,753,	ani	100.000000	1.570000	25.000000	quadratic
375	1310.610895	6	781,1039,1151,265,1014,410,	ani	100.000000	1.570000	25.000000	quadratic
376	909.167829	5	1183,908,760,941,86,	ani	100.000000	1.570000	25.000000	quadratic
377	1560.689891	6	268,1029,799,902,552,824,	ani	100.000000	1.570000	25.000000	quadratic
378	1438.160536	6	1118,698,1195,887,233,473,	ani	100.000000	1.570000	25.000000	quadratic
379	1374.231972	7	686,596,389,1196,1141,667,1160,	ani	100.000000	1.570000	25.000000	quadratic
380	1510.772661	5	888,1195,697,584,77,	ani	100.000000	1.570000	25.000000	quadratic
381	1189.133968	5	1002,952,576,464,1018,	ani	100.000000	1.570000	25.000000	quadratic
382	1528.250959	4	1143,770,308,1164,	ani	100.000000	1.570000	25.000000	quadratic
383	1605.338754	5	1189,729,889,732,500,	ani	100.000000	1.570000	25.000000	quadratic
384	1228.363562	7	772,1142,1196,393,1012,1026,1148,	ani	100.000000	1.570000	25.000000	quadratic
385	1664.162427	5	1156,1020,713,821,140,	ani	100.000000	1.570000	25.000000	quadratic
386	1435.907095	7	412,330,939,881,937,811,651,	ani	100.000000	1.570000	25.000000	quadratic
387	1546.009796	6	692,802,856,912,1173,490,	ani	100.000000	1.570000	25.000000	quadratic
388	1398.027255	7	447,707,517,1190,994,832,1145,	ani	100.000000	1.570000	25.000000	quadratic
389	1553.302498	6	744,664,1171,1157,782,1177,	ani	100.000000	1.570000	25.000000	quadratic
390	1327.593260	4	862,629,1188,1149,	ani	100.000000	1.570000	25.000000	quadratic
391	1323.452365	6	509,1187,602,483,1197,566,	ani	100.000000	1.570000	25.000000	quadratic
392	1573.010151	6	1081,474,946,1198,130,1033,	ani	100.000000	1.570000	25.000000	quadratic
393	1516.900427	6	1172,640,1194,567,1197,487,	ani	100.000000	1.570000	25.000000	quadratic
394	1315.793515	6	96,1162,53,1122,1146,834,	ani	100.000000	1.570000	25.000000	quadratic
395	1041.417069	6	978,102,171,1186,202,768,	ani	100.000000	1.570000	25.000000	quadratic
396	1202.204908	5	857,804,1199,971,1001,	ani	100.000000	1.570000	25.000000	quadratic
397	1674.144924	7	1106,968,675,132,1200,1051,69,	ani	100.000000	1.570000	25.000000	quadratic
398	1585.765824	5	945,1052,1200,131,1198,	ani	100.000000	1.570000	25.000000	quadratic
399	1325.098484	5	1101,1192,917,418,430,	ani	100.000000	1.570000	25.000000	quadratic
400	1924.176160	5	803,562,459,972,1199,	ani	100.000000	1.570000	25.000000	quadratic
End
