INTEGRATORNAME	RK4_Adaptive
CURRENTTIME	40
Global:
SEED	89542
TIMEINTERVAL	0.1
LX	406.314
LY	685.495
MINAREA	14.0625
MINLENGTH	0.625
NEWEDGELENGTH	1.25
K	1.33333
GAMMA	10
TOTALTIME	40
INITIALSTEPSIZE	0.0001
error_tolerance_absolute_mechanical	0.01
TISSUE_ALPHA	4
ALPHAM	0.4
TISSUE_EXT_STRESS_X	0
TISSUE_EXT_STRESS_Y	-0.1
PuLLINGDIR_X	1
PuLLINGDIR_Y	0
C4	0
EpsilonMax	0.6
KAPPA	0.23
GAMMA0	1
Y	5.66
NUMBER_OF_CELLS	200
NUCLEATIONTHRESHOLD	2
NUCLEATIONBASECRITERIA	0
endGlobal
Vertices
id	x	y	Anglestheta1	Anglestheta2	Anglestheta3	PsiAngle1	PsiAngle2	PsiAngle3	Nucleation1	Nucleation2	Nucleation3
179	358.349	528.007	1.87926	1.86817	2.53576	0.567105	0.700775	1.50119	0	0	1
318	155.522	222.643	2.47728	1.57903	2.22687	1.56883	0.455398	0.783242	1	0	0
324	198.517	31.099	1.42044	2.84932	2.01342	0.482044	1.48876	0.942615	0	0	0
325	167.071	93.8695	1.71087	1.63867	2.93365	0.837911	0.628915	1.48435	0	0	1
376	332.637	666.554	1.35116	2.56005	2.37198	0.000120842	1.18587	1.28015	0	0	0
379	280.219	485.935	2.9145	1.33775	2.03093	1.54738	0.531912	0.92534	1	0	0
568	184.629	244.604	2.64345	1.58443	2.0553	1.36568	0.338029	0.983696	1	0	0
570	185.925	215.131	1.58034	2.52653	2.17632	0.13115	1.21931	1.13211	0	0	0
572	202.165	194.164	2.76952	1.14716	2.36651	1.2687	0.0854415	1.29932	1	0	0
573	215.927	220.082	1.44014	2.24169	2.60135	0.23193	1.06875	1.35278	0	0	1
574	186.697	353.546	1.17764	2.71525	2.3903	0.117115	1.31226	1.24051	0	1	0
730	355.555	420.168	1.5837	2.31434	2.38514	0.254976	0.937595	1.41215	0	0	1
731	325.512	457.309	1.93997	1.87067	2.47254	0.891934	0.344336	1.31432	0	0	1
732	312.687	476.422	1.1174	2.50076	2.66503	0.0323013	1.30021	1.28268	1	1	1
734	345.871	496.074	2.69437	1.28818	2.30063	1.42188	0.271569	1.07562	1	0	0
735	347.324	476.654	1.48045	1.8428	2.95994	0.633264	0.846704	1.55466	0	0	1
736	345.903	463.419	1.49925	2.81506	1.96888	0.530048	1.51449	0.877481	0	1	0
742	377.389	526.785	2.74068	1.74317	1.79933	1.53481	0.635147	0.735195	1	0	0
761	3.24723	90.5978	1.63441	1.77456	2.87422	0.583937	0.853172	1.47122	0	0	1
787	8.20848	683.955	2.19689	1.42527	2.66103	1.12892	0.201597	1.30004	0	0	1
791	35.3312	48.4294	3.01175	1.4446	1.82683	1.56107	0.667102	0.838775	1	0	0
792	37.3865	20.945	1.27	2.86047	2.15272	0.279237	1.35559	1.151	0	1	0
793	62.475	679.06	2.84517	1.55363	1.88439	1.56271	0.620519	0.802067	1	0	0
794	46.5214	681.855	1.746	2.10002	2.43717	0.524333	0.694249	1.56725	0	0	1
795	119.375	145.834	1.24597	2.31829	2.71893	0.230166	1.1293	1.38931	0	0	1
796	142.484	125.661	2.78994	1.25646	2.23678	1.34331	0.22492	1.17005	1	0	0
797	200.105	666.932	1.31551	2.33727	2.63041	0.017761	1.29744	1.1864	0	0	0
798	203.666	8.92845	2.06549	1.43309	2.78461	0.903936	0.488368	1.52111	0	0	0
801	234.357	20.6871	1.31365	2.82914	2.14039	0.54809	1.52331	0.866482	0	1	0
802	232.514	175.774	1.0815	2.49834	2.70334	0.25365	1.09802	1.50282	1	1	1
803	240.116	64.6713	3.06974	1.40939	1.80405	1.53229	0.707278	0.827594	1	0	0
804	240.998	52.8386	2.1913	1.22844	2.86345	0.891936	0.539787	1.50616	0	0	1
805	209.605	129.65	1.36363	2.19275	2.7268	0.258053	1.10535	1.35443	0	0	1
806	240.006	107.441	2.94384	1.13504	2.20431	1.4745	0.372351	1.09957	1	0	0
807	240.964	112.29	1.73453	1.82366	2.72499	0.672099	0.690396	1.55766	0	0	1
808	229.199	164.548	1.78158	2.63305	1.86855	0.669356	1.53796	0.647171	0	1	0
809	209.916	164.342	1.59042	2.08064	2.61213	0.786235	0.519828	1.31504	0	0	1
810	208.776	69.6911	2.04984	1.84736	2.38599	0.387055	0.805939	1.31074	0	0	0
811	200.257	58.1971	2.56783	1.19573	2.51963	1.21982	0.0399966	1.32391	0	0	1
812	203.329	115.738	2.60009	1.5501	2.133	1.41779	0.351287	0.948757	1	0	0
813	186.269	123.863	1.43139	2.17498	2.67681	0.410641	0.927765	1.49813	0	0	1
814	177.218	95.1191	2.00612	2.27867	1.9984	0.445189	1.44439	0.694145	0	1	0
815	269.016	430.931	1.8788	2.03778	2.36661	0.583257	0.600049	1.53945	0	0	1
816	280.571	430.374	2.85247	1.67674	1.75398	1.56128	0.684286	0.741947	1	0	0
817	253.189	388.384	2.82608	1.37602	2.08109	1.37241	0.331868	1.08117	1	0	0
818	252.79	378.58	1.39231	2.24692	2.64395	0.157883	1.16409	1.28135	0	0	1
819	322.552	419.472	1.54064	2.4195	2.32305	0.126278	1.2878	1.08347	0	0	0
820	309.029	408.665	2.21636	1.25562	2.81121	1.13681	0.268791	1.37697	0	0	1
821	340.731	395.261	2.58478	1.18092	2.51748	1.31232	0.0535837	1.23881	1	0	0
822	272.618	361.303	2.74573	1.38765	2.1498	1.23511	0.160214	1.21265	1	0	0
823	286.714	385.163	1.3735	2.43675	2.47294	0.153138	1.08333	1.37151	0	0	1
824	267.072	321.296	2.99003	1.60287	1.69029	1.50883	0.663682	0.831333	1	0	0
886	315.901	645.664	2.55661	1.18569	2.54089	1.18783	0.0826112	1.36091	0	0	1
887	313.387	617.958	1.15371	2.61603	2.51345	0.141763	1.39849	1.16625	0	1	0
888	309.019	657.96	1.53465	2.70565	2.04289	0.257088	1.27853	1.09574	0	1	0
889	291.104	592.48	2.40971	1.42105	2.45242	1.21812	0.00809397	1.21295	0	0	0
890	304.184	511.937	1.77186	2.65801	1.85332	0.442989	1.36965	0.886015	0	1	0
892	305.683	548.807	2.3272	1.57653	2.37946	1.12296	0.0667719	1.23037	0	0	0
893	291.469	564.965	1.26275	2.43336	2.58708	0.0901184	1.20342	1.3068	0	0	1
1092	114.038	299.293	2.6452	1.20501	2.43297	1.28701	0.070525	1.25208	1	0	0
1093	105.6	309.878	1.68721	2.46086	2.13512	0.170572	1.23813	1.05986	0	0	0
1094	196.149	290.944	2.91842	1.44759	1.91717	1.48003	0.521446	0.937764	1	0	0
1095	228.721	282.23	1.2198	2.51778	2.54561	0.0751768	1.19763	1.33407	0	0	1
1096	196.603	269.129	1.42931	2.18729	2.66658	0.260467	1.07282	1.35411	0	0	1
1097	213.984	257.348	2.55477	1.50984	2.21857	1.32949	0.2202	1.05719	1	0	0
1098	202.597	322.376	2.21458	1.60107	2.46754	0.904939	0.32883	1.43612	0	0	1
1099	169.71	399.319	1.73884	2.04716	2.49718	0.420032	0.82856	1.44361	0	0	1
1100	235.428	399.296	1.56725	2.19016	2.52578	0.236253	1.02664	1.33133	0	0	1
1101	220.57	374.918	2.6403	1.40472	2.23816	1.27407	0.154991	1.16516	1	0	0
1102	174.599	397.906	2.39348	1.68866	2.20104	1.54564	0.44512	0.751622	1	0	0
1103	189.826	434.001	1.42998	2.16861	2.68459	0.315781	1.02651	1.40009	0	0	1
1104	186.121	366.231	2.24871	1.19642	2.83806	1.16971	0.249313	1.37367	0	0	1
1105	208.143	385.674	1.70488	2.33132	2.24699	0.00491461	1.11858	1.17057	0	0	0
1106	206.333	424.106	2.52982	1.59547	2.1579	1.31199	0.233039	1.03187	1	0	0
1107	256.591	458.842	1.17359	2.72583	2.38376	0.167958	1.35984	1.19496	0	1	0
1108	233.061	433.824	2.31839	1.51672	2.44807	1.22764	0.00360509	1.15559	0	0	0
1109	220.697	446.781	1.32666	2.35154	2.60499	0.0986349	1.20386	1.2744	0	0	1
1110	282.276	602.909	1.3638	2.42046	2.49893	0.020529	1.22893	1.23076	0	0	0
1319	367.885	385.145	1.43598	2.19837	2.64884	0.303291	1.02113	1.40247	0	0	1
1320	365.6	414.364	2.69105	1.41931	2.17282	1.42358	0.33717	1.00835	1	0	0
1395	405.421	55.0733	1.53228	1.83658	2.91433	0.623261	0.833902	1.54155	0	0	1
1396	404.292	68.4206	1.624	2.82394	1.83525	0.727609	1.49636	0.684359	0	1	0
1399	400.798	22.9365	1.46063	2.48768	2.33488	0.219273	1.38672	1.02456	0	1	0
1402	2.66425	107.683	2.82223	1.46433	1.99663	1.44522	0.446906	0.964207	1	0	0
1403	35.6746	112.107	1.80429	1.65572	2.82318	0.688426	0.723163	1.51628	0	0	1
1404	30.0113	86.0131	2.73963	1.61486	1.9287	1.55806	0.593711	0.776103	1	0	0
1405	60.2199	91.4935	1.72634	1.69471	2.86213	0.699	0.732066	1.54636	0	0	1
1406	57.7821	112.544	1.66631	2.75687	1.86001	0.717866	1.49372	0.660567	0	1	0
1407	35.7448	55.9161	1.65213	1.73291	2.89815	0.770866	0.67821	1.50427	0	0	1
1408	54.4069	56.4039	1.85491	2.66717	1.7611	0.617207	1.49776	0.716378	0	1	0
1410	272.201	37.2939	1.00062	2.53481	2.74776	0.127901	1.50178	1.1395	0	0	0
1413	313.674	33.953	1.27462	2.21827	2.79029	0.251018	1.14413	1.36015	0	0	1
1431	131.147	684.563	2.1998	1.26527	2.81812	1.13311	0.275946	1.37584	0	0	1
1434	118.562	173.051	2.59781	1.63982	2.04555	1.32876	0.305981	0.992926	1	0	0
1435	130.307	193.855	1.21966	2.49398	2.56954	0.095902	1.18887	1.34289	0	0	1
1436	146.264	134.519	1.40139	2.1089	2.7729	0.297382	1.08907	1.35183	0	0	1
1437	161.077	124.967	2.57658	1.37267	2.33394	1.47871	0.311742	0.97655	1	0	0
1438	173.153	155.682	1.3749	2.42041	2.48788	0.312858	0.931082	1.52306	0	0	1
1439	147.616	173.543	2.25595	1.62599	2.40124	1.09335	0.107263	1.23524	0	0	0
1442	243.631	263.983	2.42521	1.40129	2.45668	1.21277	0.0155696	1.22818	0	0	0
1443	280.631	236.932	1.25079	2.76395	2.26844	0.267164	1.40138	1.11481	0	1	0
1444	297.692	375.321	2.43393	1.45835	2.39091	1.30617	0.110715	1.10625	0	0	0
1445	301.319	334.763	1.71827	1.74724	2.81768	0.624429	0.784411	1.49805	0	0	1
1446	309.508	391.927	1.23201	2.55667	2.4945	0.00245155	1.2497	1.27588	0	0	0
1526	384.084	554.574	1.6822	1.91152	2.68946	0.60466	0.740071	1.56042	0	0	1
1527	378.483	580.138	1.74032	2.74657	1.79629	0.654472	1.55262	0.718815	0	1	0
1528	397.632	597.731	2.64884	1.82099	1.81336	1.48834	0.581657	0.74276	1	0	0
1529	381.897	598.971	1.67148	1.8886	2.7231	0.656413	0.705137	1.54088	0	0	1
1531	345.905	611.149	1.46452	2.82895	1.98972	0.44425	1.43911	0.970224	0	1	0
1532	319.33	560.674	1.34673	2.60077	2.33569	0.18167	1.34951	1.11871	0	1	0
1533	321.308	600.915	2.01421	1.6116	2.65737	0.957977	0.370708	1.37782	0	0	1
1534	355.407	579.072	1.71557	1.81264	2.75498	0.759175	0.618313	1.4761	0	0	1
1535	329.352	541.962	1.98721	1.66531	2.63066	0.974368	0.340963	1.33457	0	0	1
1536	352.705	551.757	1.40693	2.80968	2.06658	0.470156	1.50345	0.934682	0	1	0
1773	146.407	289.085	1.48838	2.14544	2.64936	0.310637	1.01404	1.38336	0	0	1
1774	173.234	298.679	1.6037	1.99076	2.68872	0.443392	0.900968	1.43877	0	0	1
1776	169.904	333.847	2.34124	1.40611	2.53583	1.26504	0.00288116	1.1735	0	0	0
1777	13.9528	289.79	2.80632	1.2387	2.23817	1.55486	0.435775	0.967385	1	0	0
1778	17.7429	264.997	1.14017	2.52388	2.61914	0.199329	1.11024	1.46127	0	0	1
1779	105.983	359.516	2.35521	1.67324	2.25473	1.16991	0.0425385	1.13507	0	0	0
1780	209.537	325.655	1.70268	2.28586	2.29465	0.278026	1.42535	0.864903	0	1	0
1781	219.953	361.552	1.53725	1.84069	2.90525	0.486203	0.966421	1.40655	0	0	1
1782	238.921	355.352	2.46232	1.7931	2.02776	1.37216	0.358277	0.872883	1	0	0
1783	243.398	323.807	1.99858	1.81748	2.46713	0.465826	0.767739	1.37456	0	0	0
1784	227.792	297.381	2.54687	1.10678	2.62954	1.3347	0.0199251	1.25351	0	0	1
1785	143.417	431.777	1.73738	1.68593	2.85987	0.705851	0.724086	1.54882	0	0	1
1786	163.283	431.851	1.76207	2.6905	1.83061	0.686015	1.54027	0.659237	0	1	0
1787	259.813	493.85	1.42277	2.04721	2.81321	0.489405	0.917201	1.51301	0	0	1
1788	256.528	479.294	2.91653	1.35461	2.01204	1.46135	0.455327	1.00294	1	0	0
1790	287.193	644.687	2.30953	1.38863	2.58503	0.962417	0.330096	1.48486	0	0	1
1791	282.618	621.197	2.96795	1.38492	1.93031	1.46527	0.500114	0.983861	1	0	0
1792	276.218	673.475	1.57562	2.64981	2.05776	0.423589	1.45247	0.901317	0	1	0
1794	169.325	454.927	1.66334	1.85163	2.76821	0.5756	0.808507	1.50142	0	0	1
1982	393.038	438.471	2.78808	1.48596	2.00915	1.50771	0.503135	0.890907	1	0	0
1983	377.114	443.831	1.6186	2.07043	2.59415	0.436813	0.860263	1.47203	0	0	1
1984	400.478	468.893	1.81258	1.78765	2.68296	0.666447	0.67503	1.56027	0	0	1
1985	393.275	501.284	2.62743	1.77797	1.87779	1.53251	0.593616	0.720099	1	0	0
1986	372.191	471.683	2.6733	1.66682	1.94306	1.51161	0.540076	0.796575	1	0	0
1987	381.448	502.33	1.77594	1.82346	2.68379	0.594632	0.747262	1.50636	0	0	1
1998	380.554	377.386	2.46457	1.43048	2.38813	1.50011	0.30604	0.926244	1	0	0
1999	395.957	412.902	1.56463	2.09983	2.61872	0.373113	0.936249	1.42303	0	0	1
2043	315.98	269.016	2.69155	1.39876	2.19288	1.32916	0.232723	1.11305	1	0	0
2129	2.22383	225.075	1.66092	2.52514	2.09713	0.584759	1.50827	0.677811	0	1	0
2130	404.611	224.459	2.19843	1.72023	2.36453	0.62716	0.555103	1.48727	0	0	1
2131	36.7597	245.362	2.43933	1.49828	2.34558	1.19306	0.0202719	1.19939	0	0	0
2132	51.8469	262.26	1.32164	2.51274	2.4488	0.0680469	1.29245	1.18832	0	1	0
2133	345	74.6238	2.66585	1.29179	2.32554	1.32825	0.165482	1.16744	1	0	0
2134	279.986	17.3635	1.59837	2.04319	2.64162	0.671625	0.649185	1.44837	0	0	0
2135	305.87	14.7668	2.68101	1.85711	1.74507	1.4148	0.54226	0.798244	1	0	0
2141	328.803	21.6566	2.44831	1.48746	2.34742	1.31831	0.1446	1.07955	0	0	0
2143	344.863	45.1743	1.21748	2.51857	2.54714	0.00961329	1.26396	1.2689	0	1	0
2144	357.718	27.1048	2.2877	1.46011	2.53537	1.15598	0.111703	1.25555	0	0	1
2145	288.291	216.471	1.89253	1.70058	2.69008	0.852981	0.492058	1.43832	0	0	1
2146	300.493	159.482	1.75223	2.16283	2.36813	0.472044	0.712019	1.55346	0	0	1
2147	271.193	189.51	1.98414	1.6475	2.65155	0.980166	0.34561	1.33768	0	0	1
2148	286.372	195.954	1.53875	2.67891	2.06552	0.399982	1.43274	0.939476	0	1	0
2149	274.789	48.1344	2.64292	1.107	2.53326	1.08709	0.179544	1.50101	0	0	1
2150	268.215	64.888	1.52796	2.70516	2.05006	0.390024	1.41505	0.962557	0	1	0
2176	140.592	89.065	2.96922	1.55237	1.7616	1.53627	0.724526	0.760084	1	0	0
2177	143.008	69.1493	1.29364	2.42023	2.56932	0.195257	1.0894	1.40537	0	0	1
2178	121.533	24.8694	2.33334	1.36905	2.5808	1.52336	0.232962	0.933709	1	0	0
2179	166.658	70.2938	1.27167	2.63793	2.37358	0.149699	1.33649	1.16927	0	1	0
2180	154.898	58.5364	2.348	1.62761	2.30758	1.18206	0.0282709	1.14573	0	0	0
2181	189.306	27.4356	2.36979	1.6784	2.235	0.764434	0.353064	1.53796	0	0	1
2182	177.815	1.73464	2.83184	1.37183	2.07952	1.30522	0.265454	1.15046	1	0	0
2183	155.226	17.8416	1.85995	2.19828	2.22495	0.0213934	1.09108	1.12054	0	0	0
2184	102.684	665.161	1.39837	2.19417	2.69065	0.348062	0.997264	1.44514	0	0	1
2200	72.6075	231.438	2.60336	1.22457	2.45525	1.20811	0.0195115	1.32119	0	0	1
2201	71.1587	216.001	1.27	2.86991	2.14328	0.456883	1.52852	0.978071	0	1	0
2202	91.6835	257.503	1.47258	2.50206	2.30855	0.104491	1.04978	1.35552	0	0	0
2203	263.245	222.923	2.36297	1.61573	2.30448	1.06755	0.0846952	1.26618	0	0	0
2204	243.634	245.14	1.24641	2.41859	2.61819	0.0999645	1.20913	1.30926	0	0	1
2205	261.551	208.116	1.5161	2.54952	2.21757	0.279911	1.3887	0.994847	0	1	0
2206	225.32	213.394	2.40734	1.47524	2.4006	1.41468	0.214378	0.989294	1	0	0
2207	230.387	189.738	1.95248	1.24897	3.08174	1.12739	0.413478	1.38972	0	0	1
2208	298.03	282.345	1.57134	2.26116	2.45069	0.146434	1.07891	1.27701	0	0	0
2209	281.07	259.529	2.52177	1.27962	2.4818	1.24148	0.000576642	1.26031	0	0	0
2210	296.386	314.132	1.57907	2.85522	1.8489	0.737868	1.47928	0.689742	0	1	0
2211	267.188	312.864	1.79847	1.54121	2.9435	0.714954	0.756796	1.48556	0	0	1
2212	262.014	285.103	1.3566	2.31692	2.60966	0.0379134	1.34274	1.12055	0	0	0
2238	341.42	655.597	2.3688	1.30342	2.61096	1.32947	0.0239899	1.16041	0	0	0
2240	378.251	652.184	2.55208	1.34979	2.38132	1.16624	0.024419	1.30046	0	0	0
2241	358.13	678.626	1.27819	2.50325	2.50174	0.0113781	1.23949	1.263	0	0	0
2473	85.9608	297.657	2.14939	1.35878	2.77501	1.05272	0.334784	1.40948	0	0	1
2474	85.7206	286.732	1.64055	2.91837	1.72427	0.61903	1.48116	0.840156	0	1	0
2475	52.572	282.348	1.73837	1.58325	2.96157	0.833106	0.647678	1.51686	0	0	1
2476	137.522	395.898	1.7966	2.32821	2.15838	0.247753	1.32694	0.91635	0	0	0
2477	116.161	386.237	1.8677	1.3648	3.05069	1.06169	0.463653	1.3975	0	0	1
2478	144.439	322.584	2.64687	1.23642	2.3999	1.38211	0.182155	1.14128	1	0	0
2479	133.815	332.894	1.33234	2.72946	2.22138	0.13419	0.976498	1.49892	0	0	1
2480	118.069	371.394	1.18231	2.8812	2.21967	0.202923	1.31276	1.23768	0	1	0
2481	156.214	371.337	2.66172	1.09993	2.52153	1.36134	0.10058	1.23028	1	0	0
2482	156.886	349.297	1.13623	2.4719	2.67506	0.13206	1.20547	1.36801	0	0	1
2483	220.836	451.732	2.55623	1.15499	2.57197	1.25002	0.0359624	1.31408	1	1	1
2484	244.282	485.032	1.74609	2.49802	2.03907	0.259588	0.759949	1.5086	0	0	1
2485	254.81	540.694	2.72767	1.25205	2.30347	1.47024	0.318505	1.04533	1	0	0
2486	259.128	554.29	1.20193	2.29555	2.78571	0.293446	1.09941	1.44122	0	0	1
2487	258.268	572.063	2.43186	1.19887	2.65246	1.26429	0.061938	1.27787	0	0	0
2488	223.099	563.634	1.04367	2.22686	3.01266	0.422694	1.08363	1.53612	0	0	1
2491	402.107	570.675	1.55389	1.94385	2.78545	0.584715	0.808008	1.55664	0	0	1
2493	245.691	635.87	1.44024	1.97651	2.86643	0.472455	0.960762	1.46071	0	0	1
2494	222.153	595.378	2.12331	1.22237	2.9375	1.09145	0.377301	1.43896	0	0	1
2495	238.109	605.885	1.52598	2.35643	2.40077	0.225495	1.42588	0.952722	0	0	0
2496	240.513	679.164	2.26244	1.63335	2.3874	1.38216	0.188463	0.942756	0	0	0
2497	244.98	661.739	1.9027	1.46234	2.91814	0.978845	0.480226	1.43158	0	0	1
2498	174.265	508.906	1.66188	1.8474	2.77391	0.595721	0.791233	1.51942	0	0	1
2499	166.689	477.295	2.78906	1.6947	1.79942	1.51184	0.61213	0.782402	1	0	0
2500	110.716	410.732	2.57999	1.24111	2.46209	1.50874	0.277698	1.0123	1	0	0
2546	403.578	615.156	1.50719	2.02864	2.74735	0.424757	0.948917	1.43908	0	0	1
2631	372.578	40.3777	1.31727	2.55621	2.40971	0.183125	1.38798	1.09498	0	1	0
2632	375.573	67.5245	1.71186	1.57598	2.99535	0.746056	0.751617	1.53405	0	0	1
2655	370.485	293.784	1.43168	2.17499	2.67652	0.335635	1.00263	1.42313	0	0	0
2656	391.294	334.908	1.25689	2.86855	2.15775	0.263794	1.34267	1.17048	0	1	0
2657	368.546	316.567	2.16449	1.52585	2.59285	1.16711	0.129314	1.21156	0	0	0
2658	405.272	298.29	1.45021	2.45112	2.38186	0.330019	0.86091	1.55558	0	0	1
2660	333.889	304.566	1.64315	2.11094	2.52909	0.354921	0.909622	1.41039	0	0	1
2661	336.931	303.3	2.45006	1.68124	2.15188	1.41182	0.335879	0.889153	1	0	0
2662	329.819	332.27	2.8924	1.5869	1.80388	1.54954	0.690112	0.756089	1	0	0
2663	354.729	355.26	2.72913	1.17376	2.38029	1.36233	0.172179	1.19239	1	1	1
2664	354.685	335.435	1.13835	2.50574	2.63909	0.0644347	1.25511	1.31731	0	0	1
2665	341.245	369.474	1.45491	2.40247	2.42581	0.0316032	1.1813	1.23284	0	1	0
2666	332.605	359.129	2.54908	1.30941	2.4247	1.1712	0.0411476	1.31569	0	0	0
2667	360.257	268.192	2.41625	1.88086	1.98607	1.55327	0.560229	0.647897	0	0	0
2668	343.342	269.381	1.6141	1.82772	2.84137	0.693612	0.727072	1.53412	0	0	1
2669	340.137	241.253	1.34616	2.52716	2.40986	0.172086	1.37702	1.0915	0	1	0
2670	362.269	200.838	2.56722	1.46386	2.25211	0.895123	0.230933	1.51454	0	0	1
2739	4.55906	168.484	1.36478	2.84152	2.07688	0.480749	1.51919	0.940012	0	1	0
2740	33.3188	134.527	2.78934	1.73137	1.76247	1.49937	0.618129	0.776541	1	0	0
2741	11.1045	136.464	1.76907	1.85942	2.65469	0.599278	0.728068	1.52899	0	0	1
2743	40.6703	163.614	1.92225	1.53748	2.82345	0.713566	0.698161	1.48231	0	0	1
2744	319.537	155.171	2.93102	1.4645	1.88767	1.55974	0.615911	0.8496	1	0	0
2745	347.245	164.131	2.82764	1.08243	2.37312	1.33929	0.15273	1.26109	1	1	1
2746	345.856	145.524	1.13789	2.40625	2.73905	0.0918702	1.27765	1.29499	0	0	1
2747	355.165	133.55	2.39521	1.32014	2.56784	1.28466	0.000744749	1.19686	0	0	0
2748	378.789	164.033	1.04075	2.62546	2.61698	0.138953	1.44744	1.17378	0	1	0
2749	382.004	156.017	1.91487	1.54456	2.82375	1.02102	0.39086	1.3483	0	0	1
2750	384.436	117.821	1.5349	2.0261	2.72218	0.41162	0.949471	1.42467	0	0	1
2751	374.696	91.6139	2.74939	1.46891	2.06489	1.41107	0.378623	0.996072	1	0	0
2752	358.112	99.7835	1.59349	2.11558	2.57412	0.316332	0.970728	1.37412	0	0	1
2753	386.74	12.8747	2.25901	1.4251	2.59908	1.0625	0.237038	1.36654	0	0	1
2760	290.66	136.486	2.68498	1.20541	2.39279	1.39503	0.198635	1.14386	1	1	1
2761	292.179	107.591	1.39656	2.62159	2.26503	0.12574	1.25826	1.18506	0	0	0
2762	263.218	145.617	2.58633	1.43709	2.25977	1.20574	0.0758579	1.21731	0	0	1
2763	270.791	155.731	1.44403	2.32835	2.51081	0.0793279	1.17608	1.2435	0	1	0
2764	260.244	111.684	2.69705	1.62679	1.95935	1.43595	0.72597	0.622556	1	0	0
2765	269.577	86.6703	2.38004	1.18114	2.722	1.12755	0.233451	1.42347	0	0	1
2793	110.902	91.1493	1.72044	1.81679	2.74595	0.640489	0.732485	1.54889	0	0	1
2794	84.6675	91.2827	2.7385	1.80166	1.74302	1.53286	0.661343	0.707909	1	0	0
2795	91.2171	118.106	1.61826	1.88108	2.78385	0.569644	0.82228	1.51018	0	0	1
2796	106.643	115.107	2.57286	1.77159	1.93873	1.46234	0.492978	0.793454	1	0	0
2806	73.773	201.479	1.73613	1.79119	2.75586	0.660449	0.717479	1.55605	0	0	1
2807	100.089	200.366	2.9105	1.73959	1.63309	1.47527	0.65872	0.796531	1	0	0
2808	100.464	181.68	1.46338	2.03572	2.78409	0.394202	0.997842	1.41206	0	0	1
2809	87.913	145.915	2.68584	1.82346	1.77388	1.46118	0.574239	0.768683	1	0	0
2810	67.4774	147.653	1.75541	1.71546	2.81232	0.608265	0.797895	1.46599	0	0	1
2811	66.3608	166.293	1.52674	2.87414	1.88231	0.703535	1.4969	0.733536	0	1	0
2812	129.396	209.508	2.82718	1.38162	2.07438	1.47171	0.434521	0.979071	1	0	0
2813	104.587	221.354	1.33641	2.0977	2.84907	0.457128	0.967409	1.50598	0	0	1
2814	102.42	247.894	2.64145	1.25948	2.38225	1.40217	0.21104	1.10969	1	0	0
2815	134.684	229.685	1.5012	1.98916	2.79282	0.494312	0.902097	1.48889	0	0	1
2816	113.059	271.801	1.3636	2.1611	2.75848	0.263101	1.11614	1.34365	0	0	1
2817	132.051	258.073	2.61555	1.37846	2.28917	1.40026	0.255674	1.0521	1	0	0
2939	4.45853	406.368	2.60237	1.59836	2.08246	1.39748	0.356249	0.944936	0	0	0
2941	9.06042	468.922	1.86268	2.58135	1.83916	0.637517	1.5571	0.653156	0	1	0
2948	16.3893	524.165	2.76547	1.57475	1.94296	1.46007	0.488592	0.894144	1	0	0
2949	18.1026	502.054	1.31769	2.16766	2.79783	0.392422	1.00649	1.47625	0	0	1
2969	6.91637	380.922	1.54502	1.97415	2.76402	0.491225	0.890783	1.4783	0	0	1
2970	91.7736	371.282	1.24307	2.58511	2.45501	0.257621	0.969882	1.55018	0	0	1
2971	83.0558	397.355	1.29559	3.04007	1.94753	0.325121	1.29889	1.19491	0	1	0
2972	75.1758	327.705	1.80384	2.43307	2.04627	0.557313	1.56114	0.659222	0	1	0
2973	47.1735	407.27	2.82296	1.28912	2.17111	1.41641	0.330853	1.08063	1	0	0
2974	15.1703	428.949	1.41834	2.18003	2.68481	0.26624	1.07616	1.35626	0	0	0
2975	14.8831	449.678	2.0869	1.33466	2.86162	1.0573	0.373508	1.41696	0	0	1
2976	225.22	520.85	1.02657	2.75464	2.50197	0.0242254	1.27521	1.3531	1	1	1
2977	202.704	551.798	1.8349	2.05977	2.38851	0.685932	0.508325	1.42578	0	0	0
2978	221.984	552.426	1.64032	2.94034	1.70252	0.718048	1.56931	0.752121	0	1	0
2979	191.986	506.334	2.72316	1.65818	1.90185	1.5485	0.59757	0.764008	1	0	0
2981	202.345	482.473	2.06255	2.03857	2.18206	1.56879	0.481774	0.549499	1	0	0
2990	402.138	530.41	1.57134	2.02192	2.68993	0.4903	0.854666	1.50126	0	0	1
2991	398.618	552.747	2.79307	1.63799	1.85213	1.55283	0.626765	0.769771	1	0	0
2997	218.819	609.372	1.43158	2.90964	1.94196	0.481906	1.45289	0.972914	0	1	0
2998	127.861	535.732	1.63199	2.79876	1.85243	0.539487	1.4657	0.859895	0	1	0
2999	82.268	400.86	2.28261	1.09272	2.90786	1.36245	0.0914797	1.23278	0	0	1
3000	97.4285	421.314	1.53609	2.35462	2.39248	0.130206	1.06603	1.30752	0	0	0
3025	55.9999	552.529	1.21971	2.33036	2.73311	0.122491	1.24406	1.28767	0	0	1
3027	24.6455	564.551	2.95955	1.53494	1.78869	1.48853	0.594188	0.885589	1	0	0
3118	380.607	177.444	2.80425	0.96665	2.51229	1.26741	0.0112694	1.39085	1	0	0
3119	366.429	203.733	1.45746	2.50525	2.32048	0.234133	1.39437	1.01849	0	0	0
3120	371.261	237.587	2.09634	1.53214	2.6547	0.906421	0.420931	1.4691	0	0	1
3185	36.2942	227.867	1.40762	2.73359	2.14198	0.322404	1.39339	1.04439	0	1	0
3187	46.2418	203.063	2.2698	1.47329	2.54009	0.914809	0.355238	1.49014	0	0	1
3188	39.8889	174.666	2.85092	1.57661	1.85566	1.49604	0.568211	0.857248	1	0	0
3189	321.815	131.07	1.28439	2.49757	2.50122	0.096059	1.15455	1.34484	0	0	1
3190	332.382	119.457	2.63549	1.21533	2.43236	1.34677	0.13059	1.18716	1	0	0
3191	333.363	85.6718	1.36632	2.35924	2.55763	0.128219	1.1506	1.30784	0	0	1
3192	314.414	55.1062	2.62164	1.18401	2.47753	1.27583	0.0370682	1.27375	1	0	0
3193	299.509	75.5887	1.36212	2.48326	2.4378	0.0519851	1.27089	1.18965	0	0	0
3194	300.087	95.3222	2.62471	1.11868	2.5398	1.2831	0.0132018	1.29915	1	0	0
3195	331.705	182.809	1.68978	2.41208	2.18132	0.150946	1.24161	1.0551	0	1	0
3196	322.034	176.542	2.26209	1.41994	2.60115	1.01471	0.285865	1.41691	0	0	1
3197	302.513	219.778	1.76646	2.3369	2.17983	0.45912	1.54903	0.709331	0	1	0
3198	333.578	235.434	2.33199	1.6459	2.30529	1.13043	0.0222159	1.18821	0	0	0
3199	315.71	252.762	1.18132	2.32425	2.77762	0.210076	1.17873	1.3722	0	0	1
3231	113.578	30.9583	1.53889	2.3917	2.35259	0.148039	1.02826	1.34389	0	0	0
3232	106.631	72.025	2.75427	1.7698	1.75912	1.54473	0.665167	0.711965	1	0	0
3233	87.782	72.4158	1.70949	1.75513	2.81857	0.695323	0.713961	1.56871	0	0	1
3238	384.108	659.147	1.42192	2.35199	2.50928	0.0116442	1.243	1.18764	0	0	0
3239	402.027	638.822	2.54026	1.25853	2.4844	1.33554	0.0933385	1.17679	0	0	0
3311	50.4853	296.744	2.80302	1.49231	1.98786	1.54546	0.551528	0.849981	1	0	0
3312	16.9861	306.128	1.48126	1.9094	2.89253	0.557054	0.889212	1.51175	0	0	1
3313	56.1685	325.575	1.87699	1.57424	2.83196	0.743866	0.672116	1.53098	0	0	1
3317	61.5125	382.684	2.35936	1.62711	2.29671	0.988997	0.159359	1.33904	0	0	0
3318	47.2027	401.344	1.24404	2.49232	2.54683	0.0321784	1.24124	1.27834	0	0	1
3319	28.8732	373.959	2.42049	1.85357	2.00912	1.34151	0.336947	0.873296	1	0	0
3320	32.2789	348.164	1.89937	1.89184	2.49197	0.431333	0.814655	1.37725	0	0	1
3321	54.0422	343.983	2.83591	1.5717	1.87558	1.53296	0.595167	0.822787	1	0	0
3322	43.2911	487.648	2.76805	1.40731	2.10782	1.40152	0.347612	1.03641	1	0	0
3323	43.6605	466.538	1.4415	2.75843	2.08326	0.320087	1.36172	1.05913	0	1	0
3324	49.1952	503.524	1.42714	2.10124	2.75481	0.357526	1.01988	1.40814	0	0	1
3325	56.538	436.136	2.1059	1.75006	2.42722	0.739243	0.474369	1.52732	0	0	1
3326	64.1742	437.855	1.80428	2.44309	2.03581	0.447261	1.46517	0.774287	0	1	0
3333	189.238	597.793	1.91091	1.36425	3.00803	0.988444	0.51557	1.47102	0	0	0
3334	131.581	671.512	1.35039	2.33116	2.60164	0.168453	1.13237	1.33403	0	0	1
3335	218.753	643.66	2.68736	1.12781	2.46801	1.34561	0.111608	1.23207	1	0	0
3337	237.067	681.352	1.45743	2.24519	2.58056	0.27642	1.01386	1.39901	0	0	1
3340	129.703	563.474	2.32497	1.33118	2.62703	1.09617	0.217347	1.37983	0	0	0
3341	153.787	604.66	2.90528	1.2259	2.15201	1.3936	0.317596	1.13504	1	0	0
3342	152.458	582.172	1.203	2.76249	2.31769	0.281436	1.44028	1.09981	0	0	0
3343	134.815	511.227	1.75083	1.97609	2.55626	0.566592	0.711538	1.55464	1	1	1
3345	123.315	475.18	2.69147	1.62385	1.96787	1.48703	0.503099	0.842636	1	0	0
3346	126.28	454.335	1.87016	1.75558	2.65744	0.592226	0.736494	1.47002	0	0	1
3347	140.798	453.703	2.77428	1.77574	1.73316	1.50602	0.639435	0.747704	1	0	0
3348	147.332	479.459	1.70792	1.931	2.64427	0.605521	0.716614	1.57057	0	0	1
3349	107.339	531.244	2.00255	1.76525	2.51539	0.784836	0.47286	1.47413	0	0	1
3350	68.7029	538.402	2.23755	1.57372	2.47191	1.18144	0.0545149	1.17329	0	0	0
3351	94.2939	561.277	1.25114	2.6708	2.36125	0.215807	1.39643	1.11959	0	1	0
3353	8.90707	661.037	1.49454	2.21345	2.57519	0.211346	1.07625	1.31807	0	0	0
3364	23.0825	604.469	2.60586	1.55873	2.11859	1.45828	0.398987	0.903943	1	0	0
3365	27.1201	578.689	2.03794	1.43229	2.81296	0.845686	0.560793	1.56183	0	0	1
3457	100.853	683.438	2.98901	1.45107	1.8431	1.54727	0.672773	0.821733	1	0	0
3458	101.722	14.3999	2.57295	1.17864	2.5316	1.23371	0.0320879	1.31856	0	0	1
3459	64.172	4.33414	1.5546	1.80739	2.9212	0.621007	0.839593	1.5247	0	0	1
3480	154.623	575.638	1.90679	1.53296	2.84344	0.975307	0.446412	1.39981	0	0	0
3483	192.113	570.228	1.10132	2.75856	2.4233	0.029101	1.24075	1.35018	0	0	1
3484	189.538	588.697	1.35142	3.03606	1.89571	0.537183	1.48504	0.980847	0	0	0
3485	191.965	655.999	2.63528	1.31686	2.33104	1.18396	0.0184383	1.2992	0	0	0
3486	176.485	675.264	1.29001	2.35402	2.63916	0.0318653	1.28771	1.20888	0	0	0
3487	186.404	614.652	2.84135	1.42343	2.01841	1.55436	0.578029	0.842648	1	0	0
3488	159.215	622.501	1.5851	1.91524	2.78285	0.497194	0.894232	1.45481	0	0	1
3489	157.572	648.385	2.46507	1.45679	2.36133	1.29592	0.115255	1.11728	0	0	0
3493	57.9809	588.028	1.36797	3.01908	1.89614	0.592954	1.54102	0.916586	0	1	0
3495	67.2968	493.642	2.74901	1.35551	2.17866	1.48267	0.39334	0.981167	1	0	0
3496	70.7668	505.512	1.5717	1.91698	2.79451	0.501433	0.895822	1.45992	0	0	1
3497	70.5633	463.56	1.56942	1.92395	2.78981	0.541092	0.853813	1.50307	0	0	1
3498	99.8195	497.047	2.92693	1.50372	1.85254	1.46169	0.535422	0.928044	1	0	0
3499	99.7916	481.331	1.58314	1.82479	2.87525	0.523453	0.914173	1.43585	0	0	1
3500	93.3444	457.864	2.7622	1.59392	1.92707	1.49238	0.528843	0.852257	1	0	0
3549	95.0401	573.487	2.2107	1.39397	2.67851	1.04432	0.294935	1.40029	0	0	1
3550	117.75	588.33	1.44016	2.66416	2.17886	0.271839	1.36127	1.06024	0	0	0
3554	58.85	615.62	2.80829	1.39686	2.07803	1.37266	0.333645	1.0705	1	0	0
3557	32.8438	644.229	2.73844	1.30728	2.23746	1.42371	0.304976	1.06425	1	0	0
3558	33.5803	630.723	1.41246	2.164	2.70673	0.325848	1.02752	1.40785	0	0	1
3561	121.898	654.068	2.54425	1.55399	2.18495	1.36273	0.270252	1.00187	1	0	0
3563	196.421	482.886	1.74079	1.82745	2.71495	0.630666	0.726807	1.54439	0	0	1
3564	188.801	451.714	2.84407	1.647	1.79212	1.47983	0.58377	0.838265	1	0	0
3566	5.89997	182.063	1.45494	1.77751	3.05073	0.629043	0.896324	1.5178	0	0	1
3567	6.10832	209.584	2.12295	1.27191	2.88832	1.0539	0.390258	1.45173	0	0	1
3569	295.014	446.009	2.25618	1.81198	2.21503	1.48711	0.379591	0.748498	1	0	0
3570	283.523	449.378	1.43966	1.94614	2.89739	0.565748	0.882944	1.53882	0	0	1
3572	90.3978	631.621	2.72718	1.5767	1.97931	1.42688	0.437226	0.926365	1	0	0
3573	68.0318	639.664	1.59036	2.05614	2.63668	0.430394	0.887946	1.45847	0	0	1
3575	397.058	278.593	2.74244	1.44656	2.09419	1.37529	0.328193	1.04302	1	0	0
3576	397.182	248.055	1.49201	2.84065	1.95052	0.440994	1.41626	0.979331	0	1	0
3578	166.167	253.308	1.46436	2.0354	2.78342	0.398063	0.993647	1.41576	0	0	1
3579	165.568	278.216	2.75908	1.41329	2.11082	1.40359	0.348185	1.03135	1	0	0
3581	163.844	198.363	2.17605	1.25151	2.85562	1.13225	0.295563	1.38359	0	0	1
3582	164.378	186.3	1.19938	2.90669	2.17711	0.32057	1.40913	1.13278	0	1	0
3584	124.398	626.553	1.29493	2.30165	2.68661	0.283082	1.06022	1.43391	0	0	0
3587	346.194	622.916	1.6953	1.61601	2.97188	0.823011	0.662931	1.51058	0	0	1
3588	375.347	625.836	1.7101	2.79263	1.78046	0.615885	1.50611	0.780429	0	1	0
3590	182.064	149.965	2.43836	1.54382	2.30101	1.3789	0.228399	0.99078	1	0	0
3591	200.586	180.62	1.064	2.50504	2.71414	0.0115089	1.36858	1.24101	1	1	1
3593	62.4376	31.355	2.05608	1.33167	2.89544	1.09214	0.355582	1.38362	0	0	1
3594	83.2265	44.083	1.57865	2.42494	2.2796	0.232092	1.37189	0.980378	0	1	0
3596	390.832	339.932	1.91353	1.40428	2.96537	1.04837	0.434318	1.39108	0	0	1
3600	170.493	537.212	2.42936	1.56718	2.28664	1.34715	0.203829	1.01085	1	0	0
3602	313.481	492.338	2.45792	1.17645	2.64882	1.17912	0.145284	1.37424	0	0	1
3603	328.722	509.25	1.64917	2.2067	2.42732	0.0910752	1.12258	1.19442	0	0	0
3605	139.409	510.632	2.48478	1.84993	1.94847	1.49128	0.517042	0.725349	1	1	1
3606	155.245	547.275	1.39534	2.17609	2.71176	0.289749	1.06613	1.37779	0	0	1
3608	16.0906	319.782	2.55775	1.16264	2.5628	1.34436	0.0629664	1.21591	1	1	1
3609	403.02	345.586	1.78074	2.21602	2.28642	0.246086	1.3893	0.861926	0	1	0
3611	24.7611	551.346	1.34156	2.10757	2.83405	0.371995	1.04503	1.42578	0	0	1
3612	48.1441	537.707	2.62349	1.53014	2.12956	1.34248	0.277705	1.03404	1	0	0
3614	118.408	610.849	2.8064	1.48241	1.99437	1.37401	0.376825	1.02638	0	0	0
3615	90.8651	624.247	1.3697	2.08685	2.82663	0.433179	0.980136	1.4766	0	0	1
3617	58.4231	583.184	2.19067	1.12083	2.97168	1.01646	0.469386	1.56472	0	0	1
3618	84.3048	598.734	1.43185	2.48787	2.36346	0.313875	1.49561	0.930059	0	1	0
3620	276.615	540.254	2.40966	1.43566	2.43787	1.39551	0.176578	1.02825	1	0	0
3621	283.085	506.732	1.94964	1.5196	2.81395	0.837854	0.569118	1.54394	0	0	1
Edges
id	vertex1	vertex2	xflag	yflag	tension	length	restlength	_cell1	_cell2
1	2979	2498	0	0	1.35545	17.9073	14.4474	1	51
2	2498	2499	0	0	2.66653	32.506	22.0961	1	105
3	2499	1794	0	0	2.67343	22.5228	15.2973	1	66
4	1794	3564	0	0	1.25925	19.7396	16.1471	1	84
6	3563	2979	0	0	2.70472	23.8633	16.1471	1	94
7	2765	2761	0	0	1.66548	30.7978	23.7958	2	153
8	2761	2760	0	0	3.09961	28.9356	18.6967	2	60
9	2760	2763	0	0	2.01586	27.6608	20.3964	2	11
10	2763	2762	0	0	1.35228	12.6347	10.1982	2	50
11	2762	2764	0	0	3.06549	34.0635	22.0961	2	103
12	2764	2765	0	0	2.42215	26.6978	18.6967	2	91
13	3498	3349	0	0	2.66833	35.014	23.7958	3	155
14	3349	3351	0	0	2.41679	32.7437	22.9459	3	43
15	3351	3350	0	0	1.48378	34.3245	27.1952	3	101
16	3350	3496	0	0	3.11916	32.9548	21.2462	3	121
17	3496	3498	0	0	0.84118	30.2607	26.3453	3	198
18	1783	1782	0	0	2.82765	31.8606	21.2462	4	156
19	1782	1781	0	0	1.33484	19.9552	16.1471	4	22
20	1781	1780	0	0	2.63793	37.3781	25.4955	4	170
21	1780	1784	0	0	2.34503	33.6548	23.7958	4	61
22	1784	1783	0	0	1.91022	30.6901	22.9459	4	62
23	886	376	0	0	1.76793	26.7673	20.3964	5	133
24	376	2141	0	1	3.1007	40.7781	26.3453	5	141
25	2141	1413	0	0	1.55357	19.4961	15.2973	5	138
26	1413	2135	0	0	2.0036	20.7124	15.2973	5	135
27	2135	888	0	1	3.16826	42.4181	27.1952	5	44
28	888	886	0	0	2.16061	14.0912	10.1982	5	163
29	2184	3572	0	0	2.26968	35.7193	25.4955	6	57
30	3572	3615	0	0	2.54081	7.38812	5.0991	6	194
31	3584	3561	0	0	2.70395	27.6287	18.6967	6	106
32	3561	2184	0	0	1.05645	22.1865	18.6967	6	79
33	3198	2669	0	0	1.64012	8.76892	6.7988	7	25
34	2669	2668	0	0	2.91001	28.3093	18.6967	7	176
35	2668	2661	0	0	2.85491	34.5199	22.9459	7	137
36	2661	2660	0	0	1.65568	3.29535	2.54955	7	15
37	2660	2043	0	0	2.37356	39.806	28.045	7	184
38	2043	3199	0	0	2.66842	16.2567	11.048	7	12
39	3199	3198	0	0	1.87477	24.8896	18.6967	7	160
40	2751	2632	0	0	2.36706	24.1053	16.997	8	151
41	2632	1396	0	0	0.718727	28.733	25.4955	8	130
42	1396	761	1	0	2.33011	22.7946	16.1471	8	131
43	761	1402	0	0	2.47247	17.0953	11.8979	8	82
44	1402	2750	1	0	0.889824	26.5533	22.9459	8	42
45	2750	2751	0	0	2.43574	27.9583	19.5465	8	152
46	2182	3486	0	1	2.35766	12.0385	8.4985	9	38
47	3486	3485	0	0	1.82175	24.7145	18.6967	9	129
48	3485	797	0	0	1.90533	13.6312	10.1982	9	59
49	797	798	0	1	2.73176	27.7205	18.6967	9	168
50	798	324	0	0	1.91924	22.7605	16.997	9	139
51	324	2181	0	0	1.67563	9.91301	7.64865	9	46
52	2181	2182	0	0	2.86268	28.153	18.6967	9	107
53	3480	3342	0	0	1.98055	6.88338	5.0991	10	188
54	3342	3340	0	0	1.60468	29.4514	22.9459	10	16
55	3340	2998	0	0	2.75678	27.8032	18.6967	10	43
56	2998	3343	0	0	2.82244	25.4728	16.997	10	155
57	3343	3605	0	0	2.05315	4.63252	3.3994	10	30
58	3606	3480	0	0	2.92833	28.3699	18.6967	10	193
59	2760	2146	0	0	2.27172	25.0099	17.8468	11	60
60	2146	2148	0	0	2.74229	39.1097	26.3453	11	192
61	2148	2147	0	0	1.66145	16.4898	12.7477	11	83
62	2147	2763	0	0	2.67284	33.7818	22.9459	11	50
63	2043	2208	0	0	1.10823	22.3575	18.6967	12	184
64	2208	2209	0	0	1.91346	28.4289	21.2462	12	122
65	2209	1443	0	0	2.70254	22.6015	15.2973	12	162
66	1443	2145	0	0	2.42373	21.8479	15.2973	12	83
67	2145	3197	0	0	0.823042	14.6014	12.7477	12	192
68	3197	3199	0	0	2.22683	35.5263	25.4955	12	160
69	2811	2743	0	0	0.956399	25.8298	22.0961	13	71
70	2743	2740	0	0	2.66545	30.0016	20.3964	13	31
71	2740	1403	0	0	2.68097	22.5432	15.2973	13	82
72	1403	1406	0	0	1.03385	22.1118	18.6967	13	150
73	1406	2810	0	0	2.70461	36.4225	24.6456	13	146
74	2810	2811	0	0	2.63092	18.6732	12.7477	13	149
75	3325	2973	0	0	2.11342	30.3467	22.0961	14	74
76	2973	3318	0	0	2.23343	5.926	4.24925	14	98
77	3318	3317	0	0	1.79786	23.5158	17.8468	14	114
78	3317	2971	0	0	1.01659	26.0648	22.0961	14	140
79	2971	2999	0	0	2.31381	3.59181	2.54955	14	45
80	2999	3326	0	0	2.40697	41.1827	28.8949	14	175
81	3326	3325	0	0	0.85616	7.82722	6.7988	14	80
82	2666	2662	0	0	2.90374	27.0028	17.8468	15	195
83	2662	2660	0	0	2.81686	28.0017	18.6967	15	184
84	2661	2664	0	0	2.4902	36.7126	25.4955	15	137
85	2664	2663	0	0	3.14243	19.8253	12.7477	15	178
86	2663	2665	0	0	2.01564	19.5925	14.4474	15	65
87	2665	2666	0	0	1.82054	13.4784	10.1982	15	21
88	3550	3340	0	0	1.68737	27.5802	21.2462	16	43
89	3342	3341	0	0	2.67508	22.5272	15.2973	16	188
90	3341	3584	0	0	1.51849	36.6469	28.8949	16	106
92	3614	3550	0	0	2.67557	22.5286	15.2973	16	191
93	2975	2941	0	0	2.70876	20.1051	13.5976	17	63
94	2941	1984	1	0	0.95404	14.8965	12.7477	17	117
95	1984	1982	0	0	2.68317	31.3182	21.2462	17	104
96	1982	1999	0	0	2.91003	25.7358	16.997	17	179
97	1999	2939	1	0	1.52927	16.1921	12.7477	17	37
98	2939	2974	0	0	1.90603	24.9929	18.6967	17	98
99	2974	2975	0	0	2.96959	20.7317	13.5976	17	74
100	3324	3612	0	0	3.10037	34.1996	22.0961	18	121
101	3611	2948	0	0	2.5755	28.4409	19.5465	18	119
102	2948	2949	0	0	3.02816	22.177	14.4474	18	117
103	2949	3322	0	0	1.24195	29.0172	23.7958	18	63
104	3322	3324	0	0	2.39772	16.9381	11.8979	18	80
105	2658	2656	0	0	2.76065	39.1952	26.3453	19	200
106	2656	2657	0	0	1.0506	29.2203	24.6456	19	178
107	2657	2655	0	0	2.35498	22.8656	16.1471	19	137
108	2655	3575	0	0	1.36947	30.6088	24.6456	19	99
109	3575	2658	0	0	2.23614	21.3409	15.2973	19	68
110	3196	2744	0	0	2.7697	21.5173	14.4474	20	192
111	2744	3189	0	0	2.82545	24.2077	16.1471	20	60
112	3189	3190	0	0	1.31155	15.7017	12.7477	20	76
113	3190	2746	0	0	2.48292	29.3438	20.3964	20	157
114	2746	2745	0	0	3.21612	18.6585	11.8979	20	182
115	2745	3195	0	0	2.04581	24.2976	17.8468	20	25
116	3195	3196	0	0	1.31697	11.5235	9.34835	20	160
117	2665	821	0	0	2.92893	25.7926	16.997	21	65
118	821	819	0	0	1.80799	30.2756	22.9459	21	166
119	819	820	0	0	1.54589	17.3114	13.5976	21	54
120	820	1446	0	0	2.91873	16.7453	11.048	21	69
121	1446	2666	0	0	1.76111	40.1141	30.5946	21	195
122	1782	818	0	0	2.17399	27.0543	19.5465	22	156
123	818	817	0	0	2.50814	9.81158	6.7988	22	26
124	817	1100	0	0	1.2815	20.8453	16.997	22	78
125	1100	1101	0	0	2.26225	28.5486	20.3964	22	49
126	1101	1781	0	0	2.44093	13.3799	9.34835	22	170
127	893	3620	0	0	2.02071	28.8315	21.2462	23	73
128	3621	890	0	0	0.632508	21.7309	19.5465	23	87
129	890	892	0	0	3.11704	36.9005	23.7958	23	33
130	892	893	0	0	1.88337	21.5201	16.1471	23	34
131	2210	1445	0	0	2.65039	21.2127	14.4474	24	184
132	1445	1444	0	0	2.81483	40.7199	27.1952	24	195
133	1444	823	0	0	1.89331	14.7437	11.048	24	69
134	823	822	0	0	2.03018	27.7123	20.3964	24	26
135	822	824	0	0	3.01735	40.3901	26.3453	24	156
136	824	2211	0	0	2.36312	8.43271	5.94895	24	62
137	2211	2210	0	0	1.05174	29.2253	24.6456	24	122
138	2745	2670	0	0	2.59473	39.6624	27.1952	25	182
139	2670	2669	0	0	2.41588	46.0786	32.2943	25	176
140	3198	3195	0	0	2.8938	52.6585	34.8438	25	160
141	823	816	0	0	3.02207	45.6265	29.7447	26	69
142	816	815	0	0	0.760191	11.5679	10.1982	26	181
143	815	817	0	0	2.51123	45.3957	31.4444	26	78
144	818	822	0	0	1.63793	26.2988	20.3964	26	156
145	3557	3353	0	0	1.2969	29.2482	23.7958	27	120
146	3353	3239	1	0	1.82152	25.8371	19.5465	27	180
147	3239	2546	0	0	2.65345	23.717	16.1471	27	158
148	2546	3364	1	0	0.986442	27.943	23.7958	27	93
149	3364	3558	0	0	2.18636	28.2752	20.3964	27	41
150	3558	3557	0	0	2.52938	13.526	9.34835	27	154
151	3233	2794	0	0	2.83029	19.1223	12.7477	28	90
152	2794	1405	0	0	0.853078	24.4485	21.2462	28	146
153	1405	1408	0	0	2.80009	35.5679	23.7958	28	150
154	1408	3593	0	0	2.68236	26.3048	17.8468	28	109
155	3594	3233	0	0	3.02725	28.6966	18.6967	28	171
156	2972	2473	0	0	2.5176	31.9246	22.0961	29	124
157	2473	1093	0	0	1.34246	23.1312	18.6967	29	102
158	1093	1779	0	0	2.81694	49.6397	33.1441	29	199
159	1779	2970	0	0	1.16589	18.4484	15.2973	29	45
160	2970	2972	0	0	2.96683	46.6315	30.5946	29	140
161	3343	3345	0	0	2.7398	37.8369	25.4955	30	155
162	3345	3346	0	0	3.10402	21.0547	13.5976	30	35
163	3346	3347	0	0	1.25306	14.532	11.8979	30	183
164	3347	3348	0	0	2.76703	26.5717	17.8468	30	66
165	3348	3605	0	0	2.90843	32.1638	21.2462	30	105
169	3566	2739	0	0	2.60155	13.6452	9.34835	31	125
170	2739	2741	0	0	2.71152	32.6816	22.0961	31	42
171	2741	2740	0	0	0.7969	22.2986	19.5465	31	82
172	2743	3188	0	0	2.53886	11.0795	7.64865	31	71
173	3188	3566	0	0	0.775129	34.7845	30.5946	31	144
174	3581	570	0	0	1.17916	27.7263	22.9459	32	113
175	570	568	0	0	2.88255	29.5013	19.5465	32	88
176	568	3578	0	0	1.13676	20.4107	16.997	32	169
177	3578	318	0	0	2.65476	32.46	22.0961	32	89
178	318	3581	0	0	2.47988	25.6663	17.8468	32	174
180	1532	892	0	0	1.8679	18.085	13.5976	33	34
181	890	3602	0	0	2.36597	21.6918	15.2973	33	87
182	3603	1535	0	0	3.05596	32.7176	21.2462	33	116
183	1535	1532	0	0	2.19413	21.2274	15.2973	33	126
184	1533	887	0	0	2.16265	18.7932	13.5976	34	133
185	887	889	0	0	1.61177	33.8476	26.3453	34	163
186	889	893	0	0	2.67034	27.5176	18.6967	34	73
187	1532	1533	0	0	2.72531	40.2898	27.1952	34	126
188	3500	3000	0	0	2.78616	36.7776	24.6456	35	175
189	3000	2500	0	0	0.994515	16.986	14.4474	35	45
190	2500	3346	0	0	2.90502	46.2974	30.5946	35	183
191	3345	3499	0	0	0.817258	24.314	21.2462	35	155
192	3499	3500	0	0	2.44406	24.3365	16.997	35	198
193	2150	804	0	0	0.947645	29.7642	25.4955	36	91
194	804	801	0	0	2.43816	32.8304	22.9459	36	139
195	801	3337	0	1	2.65744	24.9773	16.997	36	168
196	3337	2496	0	0	1.13603	4.0817	3.3994	36	197
197	2496	1410	0	1	1.98034	53.9183	39.9429	36	173
198	1410	2149	0	0	2.58746	11.1452	7.64865	36	135
199	2149	2150	0	0	2.33084	17.9974	12.7477	36	153
200	3609	2969	1	0	2.78707	36.7815	24.6456	37	186
201	2969	2939	0	0	2.44756	25.5644	17.8468	37	98
202	1999	1998	0	0	2.65686	38.7121	26.3453	37	179
203	1998	3596	0	0	2.68394	38.8382	26.3453	37	178
205	2183	1431	0	1	1.35181	30.5319	24.6456	38	145
206	1431	3334	0	0	2.24637	13.0586	9.34835	38	79
207	3334	3489	0	0	1.36143	34.7909	28.045	38	106
208	3489	3486	0	0	1.63631	32.8662	25.4955	38	129
209	2182	2183	0	0	0.938964	27.7434	23.7958	38	107
210	3312	1777	0	0	2.24487	16.6168	11.8979	39	200
211	1777	1778	0	0	3.13149	25.0808	16.1471	39	68
212	1778	2131	0	0	1.62185	27.3343	21.2462	39	86
213	2131	2132	0	0	1.19754	22.6525	18.6967	39	55
214	2132	2475	0	0	2.70725	20.1015	13.5976	39	190
215	2475	3311	0	0	2.41329	14.5465	10.1982	39	124
216	3311	3312	0	0	0.601946	34.7886	31.4444	39	196
217	2207	2205	0	0	1.42686	36.1792	28.8949	40	50
218	2205	2203	0	0	2.61154	14.9037	10.1982	40	83
219	2203	2204	0	0	1.38878	29.6345	23.7958	40	162
220	2204	2206	0	0	2.47641	36.6505	25.4955	40	96
221	2206	2207	0	0	2.39605	24.1923	16.997	40	110
222	3364	3365	0	0	2.61579	26.0948	17.8468	41	93
223	3365	3493	0	0	0.655829	32.243	28.8949	41	185
224	3493	3554	0	0	3.09501	27.6059	17.8468	41	194
225	3554	3558	0	0	1.34233	29.4392	23.7958	41	154
226	2739	2749	1	0	0.884577	31.4454	27.1952	42	125
227	2749	2750	0	0	3.12966	38.2733	24.6456	42	152
228	1402	2741	0	0	2.66306	29.993	20.3964	42	82
229	3549	3351	0	0	2.48712	12.2329	8.4985	43	101
230	3349	2998	0	0	0.69938	21.007	18.6967	43	155
231	3550	3549	0	0	1.56757	27.1305	21.2462	43	191
232	1790	888	0	0	1.14531	25.5455	21.2462	44	163
233	2135	2134	0	0	0.527633	26.0141	23.7958	44	135
234	2134	1792	0	1	2.91791	29.6234	19.5465	44	173
235	1792	1790	0	0	2.54765	30.8095	21.2462	44	128
236	2971	2970	0	0	2.66259	27.492	18.6967	45	140
237	1779	2480	0	0	1.39386	16.9462	13.5976	45	199
238	2480	2477	0	0	2.64551	14.9649	10.1982	45	77
239	2477	2500	0	0	2.69603	25.0932	16.997	45	183
240	3000	2999	0	0	1.40519	25.4601	20.3964	45	175
241	324	811	0	0	2.56021	27.1538	18.6967	46	139
242	811	814	0	0	2.39128	43.5205	30.5946	46	189
243	814	325	0	0	1.1485	10.223	8.4985	46	108
244	325	2179	0	0	3.06434	23.5793	15.2973	46	112
245	2179	2181	0	0	2.41096	48.4742	33.994	46	107
246	2816	2814	0	0	2.2615	26.1671	18.6967	47	102
247	2814	2813	0	0	2.78501	26.6284	17.8468	47	167
248	2813	2812	0	0	1.12154	27.4927	22.9459	47	172
249	2812	2815	0	0	2.05733	20.8577	15.2973	47	174
250	2815	2817	0	0	2.59564	28.5105	19.5465	47	89
251	2817	2816	0	0	1.43395	23.4335	18.6967	47	148
252	2495	2487	0	0	1.62409	39.3735	30.5946	48	132
253	2487	1110	0	0	1.99662	39.0879	28.8949	48	73
254	1110	1791	0	0	2.46119	18.291	12.7477	48	163
255	1791	2493	0	0	0.955863	39.7349	33.994	48	128
256	2493	2495	0	0	2.57948	30.929	21.2462	48	197
257	1109	1106	0	0	2.11236	26.8415	19.5465	49	81
258	1106	1105	0	0	2.88154	38.4754	25.4955	49	70
259	1105	1101	0	0	1.63697	16.4346	12.7477	49	170
260	1100	1108	0	0	3.20521	34.6089	22.0961	49	78
261	1108	1109	0	0	1.79483	17.9095	13.5976	49	53
262	2147	2205	0	0	2.09363	20.9558	15.2973	50	83
263	2207	802	0	0	2.89228	14.1254	9.34835	50	110
264	802	2762	0	0	2.08665	43.0369	31.4444	50	103
265	3600	2498	0	0	2.98454	28.5556	18.6967	51	105
266	2979	2977	0	0	2.74781	46.7101	31.4444	51	94
267	2977	3483	0	0	1.79106	21.2568	16.1471	51	64
268	3483	3600	0	0	2.30491	39.4658	28.045	51	193
269	2481	1099	0	0	2.29757	31.0656	22.0961	52	75
270	1099	1786	0	0	2.8344	33.1613	22.0961	52	84
271	1786	1785	0	0	0.955611	19.8667	16.997	52	66
272	1785	2476	0	0	2.69024	36.3599	24.6456	52	183
273	2476	2481	0	0	1.95327	30.8646	22.9459	52	77
274	2483	1109	0	0	2.58689	4.95308	3.3994	53	81
275	1108	1107	0	0	1.71868	34.3452	26.3453	53	78
276	1107	1788	0	0	2.85306	20.4518	13.5976	53	181
277	1788	2484	0	0	0.773514	13.5239	11.8979	53	147
278	2484	2483	0	0	2.08947	40.7254	29.7447	53	123
279	819	731	0	0	3.05597	37.9524	24.6456	54	166
280	731	732	0	0	2.00462	23.0169	16.997	54	58
281	732	3569	0	0	2.14884	35.175	25.4955	54	87
283	3569	820	0	0	2.64142	39.8867	27.1952	54	69
284	3187	2201	0	0	1.26531	28.0756	22.9459	55	71
285	2201	2200	0	0	2.94562	15.5056	10.1982	55	167
286	2200	2132	0	0	2.32363	37.161	26.3453	55	190
287	2131	3185	0	0	2.66573	17.5015	11.8979	55	86
288	3185	3187	0	0	2.07847	26.7244	19.5465	55	144
289	3582	1439	0	0	1.35443	21.0644	16.997	56	174
290	1439	1436	0	0	3.00857	39.0476	25.4955	56	134
291	1436	1437	0	0	1.24515	17.6257	14.4474	56	112
292	1437	1438	0	0	2.79401	33.0037	22.0961	56	108
293	1438	3582	0	0	2.49861	31.8504	22.0961	56	113
294	2184	3457	0	0	2.49584	18.369	12.7477	57	79
295	3457	3459	0	1	0.698328	37.2335	33.1441	57	97
296	3459	793	0	1	2.40749	10.902	7.64865	57	109
297	793	3573	0	0	2.62038	39.7856	27.1952	57	154
299	735	734	0	0	2.44652	19.4751	13.5976	58	143
300	734	3603	0	0	1.19833	21.6254	17.8468	58	116
301	3602	732	0	0	2.50435	15.9364	11.048	58	87
302	731	736	0	0	0.784147	21.287	18.6967	58	166
303	736	735	0	0	2.39899	13.3106	9.34835	58	85
304	3487	3333	0	0	2.47247	17.0953	11.8979	59	188
305	3333	2997	0	0	0.384625	31.766	29.7447	59	64
306	2997	3335	0	0	3.12288	34.2875	22.0961	59	197
307	3335	797	0	0	1.43335	29.8219	23.7958	59	168
308	3485	3487	0	0	3.02273	41.7188	27.1952	59	129
309	2744	2146	0	0	1.18445	19.5262	16.1471	60	192
310	2761	3194	0	0	1.81769	14.5961	11.048	60	153
311	3194	3189	0	0	2.07917	41.8333	30.5946	60	76
312	1780	1098	0	0	0.729614	7.67521	6.7988	61	170
313	1098	1094	0	0	2.5591	32.0866	22.0961	61	118
314	1094	1096	0	0	2.4133	21.8197	15.2973	61	169
315	1096	1097	0	0	1.33214	20.9974	16.997	61	88
316	1097	1095	0	0	2.04395	28.9187	21.2462	61	96
317	1095	1784	0	0	2.76478	15.1798	10.1982	61	62
318	824	1783	0	0	0.682042	23.8065	21.2462	62	156
319	1095	1442	0	0	1.81325	23.5643	17.8468	62	96
320	1442	2212	0	0	1.24657	27.9996	22.9459	62	162
321	2212	2211	0	0	2.5172	28.2396	19.5465	62	122
322	2949	2941	0	0	2.81149	34.3439	22.9459	63	117
323	2975	3323	0	0	1.28148	33.3524	27.1952	63	74
324	3323	3322	0	0	3.12834	21.1131	13.5976	63	80
325	2977	2978	0	0	0.457764	19.2902	17.8468	64	94
326	2978	2488	0	0	2.67467	11.2631	7.64865	64	147
327	2488	2494	0	0	2.8003	31.7579	21.2462	64	132
328	2494	2997	0	0	2.32418	14.3859	10.1982	64	197
329	3333	3484	0	0	1.9166	9.10102	6.7988	64	188
330	3484	3483	0	0	2.61947	18.6475	12.7477	64	193
331	2663	1319	0	0	2.10657	32.6522	23.7958	65	178
332	1319	1320	0	0	2.82687	29.309	19.5465	65	179
333	1320	730	0	0	1.36385	11.601	9.34835	65	85
334	730	821	0	0	2.38329	28.9848	20.3964	65	166
335	3347	1785	0	0	2.51039	22.0821	15.2973	66	183
336	1786	1794	0	0	2.7014	23.8538	16.1471	66	84
337	2499	3348	0	0	0.826152	19.4779	16.997	66	105
338	3231	2178	0	0	1.01169	10.0175	8.4985	67	79
339	2178	2177	0	0	2.5339	49.2126	33.994	67	145
340	2177	2176	0	0	3.24741	20.0617	12.7477	67	112
341	2176	2793	0	0	0.94747	29.7634	25.4955	67	72
342	2793	3232	0	0	2.49661	19.5955	13.5976	67	90
343	3232	3231	0	0	2.74579	41.6503	28.045	67	171
344	2129	1778	0	0	2.73017	42.8327	28.8949	68	86
345	1777	2658	1	0	1.51463	17.2364	13.5976	68	200
347	3576	2130	0	0	2.57759	24.7375	16.997	68	159
348	2130	2129	1	0	0.958075	3.97482	3.3994	68	125
349	3570	816	0	0	2.87899	19.232	12.7477	69	181
350	1444	1446	0	0	1.88093	20.3809	15.2973	69	195
351	1106	1103	0	0	1.08593	19.2451	16.1471	70	81
352	1103	1102	0	0	2.75657	39.1762	26.3453	70	84
353	1102	1104	0	0	2.65403	33.7055	22.9459	70	75
354	1104	1105	0	0	1.58625	29.3767	22.9459	70	170
355	2811	2806	0	0	2.89305	35.9588	23.7958	71	149
356	2806	2201	0	0	2.52892	14.7548	10.1982	71	167
357	3187	3188	0	0	2.76605	29.099	19.5465	71	144
358	2176	796	0	0	3.05635	36.6453	23.7958	72	112
359	796	795	0	0	1.38473	30.6752	24.6456	72	134
360	795	2796	0	0	2.25109	33.2598	23.7958	72	161
361	2796	2793	0	0	2.44307	24.3335	16.997	72	90
362	2486	3620	0	0	1.45122	22.4228	17.8468	73	95
364	889	1110	0	0	1.3403	13.6642	11.048	73	163
365	2487	2486	0	0	2.80467	17.7936	11.8979	73	132
366	2974	2973	0	0	1.49105	38.6543	30.5946	74	98
367	3325	3323	0	0	2.48417	33.0169	22.9459	74	80
368	2482	1776	0	0	1.81496	20.2026	15.2973	75	92
369	1776	574	0	0	1.5232	25.8854	20.3964	75	118
370	574	1104	0	0	2.79677	12.6979	8.4985	75	170
371	1102	1099	0	0	1.11864	5.08907	4.24925	75	84
372	2481	2482	0	0	2.97879	22.051	14.4474	75	77
373	3193	3192	0	0	1.36956	25.3317	20.3964	76	135
374	3192	3191	0	0	2.0661	35.9623	26.3453	76	138
375	3191	3190	0	0	3.34409	33.7991	21.2462	76	157
376	3194	3193	0	0	3.1054	19.7419	12.7477	76	153
377	2476	2477	0	0	1.12865	23.4443	19.5465	77	183
378	2480	2479	0	0	2.73468	41.5952	28.045	77	199
379	2479	2478	0	0	0.913328	14.8048	12.7477	77	148
380	2478	2482	0	0	2.19098	29.4706	21.2462	77	92
381	815	1107	0	0	2.47905	30.552	21.2462	78	181
382	3561	3334	0	0	2.15599	19.9507	14.4474	79	106
383	1431	2178	0	1	2.67524	27.5338	18.6967	79	145
384	3231	3458	0	0	1.87522	20.3655	15.2973	79	171
385	3458	3457	0	1	2.78247	16.4793	11.048	79	97
386	3495	3324	0	0	1.56899	20.6232	16.1471	80	121
387	3326	3497	0	0	3.16021	26.4871	16.997	80	175
388	3497	3495	0	0	3.10194	30.259	19.5465	80	198
389	3564	1103	0	0	2.78012	17.742	11.8979	81	84
390	2483	2981	0	0	2.30392	35.8735	25.4955	81	123
391	2981	3563	0	0	0.932006	5.93874	5.0991	81	94
392	761	1404	0	0	0.798761	27.1539	23.7958	82	131
393	1404	1403	0	0	2.80825	26.7017	17.8468	82	150
394	2148	2145	0	0	2.91754	20.6067	13.5976	83	192
395	1443	2203	0	0	1.42097	22.3274	17.8468	83	162
396	1986	735	0	0	1.09554	25.3586	21.2462	85	143
397	736	730	0	0	3.02043	44.3145	28.8949	85	166
398	1320	1983	0	0	2.44384	31.6366	22.0961	85	179
399	1983	1986	0	0	2.90199	28.2829	18.6967	85	104
400	2129	3567	0	0	2.52164	15.9702	11.048	86	125
401	3567	3185	0	0	1.46236	35.291	28.045	86	144
402	3621	379	0	0	2.56444	20.9933	14.4474	87	95
403	379	3570	0	0	2.76968	36.7058	24.6456	87	181
405	1096	568	0	0	2.24294	27.2924	19.5465	88	169
406	570	572	0	0	1.69938	26.5203	20.3964	88	113
407	572	573	0	0	2.15765	29.3455	21.2462	88	110
408	573	1097	0	0	2.90993	37.3165	24.6456	88	96
409	2815	318	0	0	0.709412	21.9965	19.5465	89	174
411	3579	1773	0	0	1.32629	22.0288	17.8468	89	92
412	1773	2817	0	0	2.18813	34.1736	24.6456	89	148
413	2796	2795	0	0	1.31752	15.7151	12.7477	90	161
414	2795	2794	0	0	2.69885	27.6118	18.6967	90	146
415	3233	3232	0	0	1.3155	18.8527	15.2973	90	171
416	2764	807	0	0	1.10153	19.2897	16.1471	91	103
417	807	806	0	0	2.56987	4.94286	3.3994	91	187
418	806	803	0	0	3.24145	42.7697	27.1952	91	177
419	803	804	0	0	2.24245	11.8655	8.4985	91	139
420	2150	2765	0	0	2.89024	21.8249	14.4474	91	153
421	2478	1773	0	0	2.93562	33.5565	22.0961	92	148
422	3579	1774	0	0	2.42512	21.8517	15.2973	92	169
423	1774	1776	0	0	3.05355	35.3252	22.9459	92	118
424	2546	1528	0	0	2.51446	18.4109	12.7477	93	158
425	1528	2491	0	0	2.64207	27.4243	18.6967	93	127
426	2491	3027	1	0	0.67664	29.4949	26.3453	93	119
427	3027	3365	0	0	2.30556	14.3524	10.1982	93	185
428	2981	2976	0	0	2.38189	44.6772	31.4444	94	123
429	2976	2978	0	0	3.39387	31.7421	19.8435	94	147
430	2485	1787	0	0	3.30442	47.1103	29.7447	95	147
431	1787	379	0	0	1.28127	21.8869	17.8468	95	181
432	2486	2485	0	0	2.25762	14.266	10.1982	95	132
433	2204	1442	0	0	2.70588	18.8421	12.7477	96	162
434	573	2206	0	0	0.739636	11.5309	10.1982	96	110
435	3458	3594	0	0	2.37193	34.9739	24.6456	97	171
436	3593	3459	0	0	2.9271	27.0764	17.8468	97	109
437	2969	3319	0	0	1.00992	23.0343	19.5465	98	186
438	3319	3318	0	0	2.17813	32.9531	23.7958	98	114
439	2655	2667	0	0	1.98767	27.5592	20.3964	99	137
440	2667	3120	0	0	2.36244	32.5234	22.9459	99	176
441	3120	3576	0	0	1.23558	27.9551	22.9459	99	159
442	2991	1526	0	0	1.30821	14.6479	11.8979	100	127
443	1526	742	0	0	2.61691	28.5839	19.5465	100	164
444	742	1987	0	0	2.59514	24.7902	16.997	100	143
445	1987	1985	0	0	1.52921	11.8741	9.34835	100	104
446	1985	2990	0	0	2.78837	30.4446	20.3964	100	117
447	2990	2991	0	0	2.70678	22.6129	15.2973	100	119
448	3617	3025	0	0	2.87326	30.7505	20.3964	101	185
449	3025	3350	0	0	1.78309	18.9989	14.4474	101	121
450	3549	3618	0	0	2.28401	27.4343	19.5465	101	191
451	2816	1092	0	0	3.06452	27.5097	17.8468	102	148
452	1092	1093	0	0	1.85244	13.5359	10.1982	102	199
453	2473	2474	0	0	2.42632	10.9275	7.64865	102	124
454	2474	2202	0	0	2.61808	29.8309	20.3964	102	190
455	2202	2814	0	0	1.19439	14.4086	11.8979	102	167
456	802	808	0	0	2.13551	11.705	8.4985	103	110
457	808	807	0	0	3.25869	53.5657	33.994	103	187
458	1983	1982	0	0	1.33401	16.8024	13.5976	104	179
459	1984	1985	0	0	2.83968	33.1819	22.0961	104	117
460	1987	1986	0	0	2.54071	32.0148	22.0961	104	143
462	3341	3488	0	0	2.1025	18.6486	13.5976	106	188
463	3488	3489	0	0	2.97655	25.9356	16.997	106	129
464	2179	2180	0	0	1.72357	16.6297	12.7477	107	112
465	2180	2183	0	0	2.80988	40.6961	27.1952	107	145
466	1437	325	0	0	3.12852	31.6704	20.3964	108	112
467	814	813	0	0	2.70249	30.1351	20.3964	108	189
468	813	3590	0	0	3.144	26.4384	16.997	108	136
470	3590	1438	0	0	0.750187	10.5874	9.34835	108	113
472	1408	1407	0	0	0.883766	18.6684	16.1471	109	150
473	1407	791	0	0	2.6629	7.49811	5.0991	109	131
474	791	792	0	0	3.08083	27.5612	17.8468	109	165
475	792	794	0	1	2.65762	26.2267	17.8468	109	120
476	794	793	0	0	1.0819	16.1968	13.5976	109	154
477	572	3591	0	0	2.59592	13.6359	9.34835	110	113
478	3591	809	0	0	2.14972	18.7621	13.5976	110	136
479	809	808	0	0	0.761659	19.2843	16.997	110	187
480	2753	2631	0	0	2.26413	30.935	22.0961	111	130
481	2631	2144	0	0	1.32418	19.9248	16.1471	111	151
482	2144	2241	0	1	3.04311	33.9761	22.0961	111	141
483	2241	2240	0	0	1.71642	33.2271	25.4955	111	115
484	2240	3238	0	0	1.91444	9.09842	6.7988	111	158
485	3238	2753	0	1	3.067	39.3108	25.4955	111	180
486	1436	796	0	0	2.35729	9.63038	6.7988	112	134
487	2177	2180	0	0	1.92157	15.9372	11.8979	112	145
488	3321	3317	0	0	3.09012	39.415	25.4955	114	140
489	3319	3320	0	0	3.00449	26.0195	16.997	114	186
490	3320	3321	0	0	1.0488	22.1612	18.6967	114	196
491	2241	2238	0	0	1.91981	28.4527	21.2462	115	141
492	2238	3587	0	0	2.487	33.0284	22.9459	115	133
493	3588	2240	0	0	2.74648	26.5069	17.8468	115	158
494	734	179	0	0	2.7967	34.2839	22.9459	116	143
495	179	1536	0	0	2.89703	24.4119	16.1471	116	164
496	1536	1535	0	0	1.08642	25.3244	21.2462	116	126
497	2948	2990	1	0	0.846437	21.4927	18.6967	117	119
498	1774	1094	0	0	1.05132	24.1849	20.3964	118	169
499	1098	574	0	0	2.37593	34.9913	24.6456	118	170
500	2491	2991	0	0	2.44916	18.2639	12.7477	119	127
502	3611	3027	0	0	2.33567	13.2061	9.34835	119	185
503	792	787	0	1	1.34945	36.8365	29.7447	120	165
504	787	3353	0	0	2.82352	22.9284	15.2973	120	180
505	3557	794	0	0	2.41973	40.0347	28.045	120	154
506	3025	3612	0	0	2.32024	16.7753	11.8979	121	185
507	3495	3496	0	0	2.57609	12.3665	8.4985	121	198
508	2212	2209	0	0	1.9259	31.8927	23.7958	122	162
509	2208	2210	0	0	2.49328	31.8296	22.0961	122	184
510	2484	2976	0	0	2.52866	40.5744	28.045	123	147
511	2475	2474	0	0	0.889786	33.4373	28.8949	124	190
512	2972	3313	0	0	1.04422	19.1262	16.1471	124	140
513	3313	3311	0	0	2.49462	29.386	20.3964	124	196
514	2130	3118	0	0	2.51601	52.7881	36.5435	125	159
515	3118	2748	0	0	3.35358	13.5339	8.4985	125	182
516	2748	2749	0	0	2.55701	8.6365	5.94895	125	152
517	1536	1534	0	0	2.64937	27.4484	18.6967	126	164
518	1534	1531	0	0	2.29743	33.4546	23.7958	126	142
519	1531	1533	0	0	0.911224	26.6401	22.9459	126	133
520	1528	1529	0	0	1.34788	15.7835	12.7477	127	158
521	1529	1527	0	0	2.30699	19.1399	13.5976	127	142
522	1527	1526	0	0	2.63987	26.1708	17.8468	127	164
523	1791	1790	0	0	2.309	23.9309	16.997	128	163
524	1792	2497	0	0	0.876559	33.3698	28.8949	128	173
525	2497	2493	0	0	2.95751	25.8784	16.997	128	197
526	3488	3487	0	0	0.622485	28.2995	25.4955	129	188
527	1399	1395	0	0	2.65673	32.4677	22.0961	130	165
528	1395	1396	0	0	2.45001	13.3949	9.34835	130	131
529	2632	2631	0	0	2.60793	27.3115	18.6967	130	151
530	2753	1399	0	0	1.53601	17.2877	13.5976	130	180
531	1395	791	1	0	0.629139	36.8283	33.1441	131	165
532	1407	1404	0	0	2.84211	30.6382	20.3964	131	150
533	2488	2485	0	0	1.02372	39.1389	33.1441	132	147
534	2495	2494	0	0	1.40892	19.1052	15.2973	132	197
535	2238	376	0	0	1.53394	14.0422	11.048	133	141
536	886	887	0	0	2.76193	27.8202	18.6967	133	163
537	1531	3587	0	0	2.17881	11.77	8.4985	133	142
539	1439	1435	0	0	1.44924	26.6863	21.2462	134	174
540	1435	1434	0	0	2.29556	23.8906	16.997	134	172
541	1434	795	0	0	2.97553	27.2292	17.8468	134	161
542	3193	2149	0	0	1.36985	36.9437	29.7447	135	153
543	1410	2134	0	0	1.84027	21.3972	16.1471	135	173
544	1413	3192	0	0	2.17148	21.1662	15.2973	135	138
545	812	805	0	0	2.15866	15.2617	11.048	136	177
546	805	809	0	0	3.22704	34.6942	22.0961	136	187
547	813	812	0	0	1.74309	18.8968	14.4474	136	189
548	2657	2664	0	0	1.42756	23.4124	18.6967	137	178
549	2668	2667	0	0	1.39831	16.9569	13.5976	137	176
550	2141	2143	0	0	1.63467	28.4777	22.0961	138	141
551	2143	2133	0	0	2.51232	29.4498	20.3964	138	151
552	2133	3191	0	0	1.46463	16.0465	12.7477	138	157
553	798	801	0	0	0.777917	32.8662	28.8949	139	168
554	803	810	0	0	0.745562	31.7393	28.045	139	177
555	810	811	0	0	1.66972	14.3073	11.048	139	189
556	3321	3313	0	0	2.56749	18.5304	12.7477	140	196
557	2144	2143	0	0	2.11315	22.1757	16.1471	141	151
558	1534	1527	0	0	0.750448	23.1007	20.3964	142	164
559	1529	3588	0	0	2.3471	27.6521	19.5465	142	158
560	742	179	0	0	0.69332	19.079	16.997	143	164
561	1406	1405	0	0	2.64213	21.1916	14.4474	146	150
562	2795	2809	0	0	2.81767	28.0043	18.6967	146	161
563	2809	2810	0	0	0.844402	20.5094	17.8468	146	149
564	1788	1787	0	0	2.62193	14.9224	10.1982	147	181
565	2479	1092	0	0	2.45464	38.9893	27.1952	148	199
566	2809	2808	0	0	2.7545	37.9032	25.4955	149	161
567	2808	2807	0	0	2.63812	18.6895	12.7477	149	172
568	2807	2806	0	0	0.605164	26.34	23.7958	149	167
569	2752	2133	0	0	2.21304	28.3713	20.3964	151	157
570	2751	2752	0	0	1.18034	18.4874	15.2973	151	152
571	2748	2747	0	0	1.67849	38.5656	29.7447	152	182
572	2747	2752	0	0	3.02232	33.8949	22.0961	152	157
573	3554	3573	0	0	2.50247	25.7375	17.8468	154	194
574	3498	3499	0	0	2.39119	15.7155	11.048	155	198
575	2747	2746	0	0	1.55497	15.1666	11.8979	157	182
576	3239	3238	0	0	1.85916	27.0961	20.3964	158	180
577	3120	3119	0	0	2.77533	34.1973	22.9459	159	176
578	3119	3118	0	0	1.99084	29.8682	22.0961	159	182
579	3197	3196	0	0	2.65409	47.4378	32.2943	160	192
580	1434	2808	0	0	1.0169	20.0508	16.997	161	172
581	1399	787	1	1	2.1271	28.0616	20.3964	165	180
582	2202	2200	0	0	1.75778	32.2996	24.6456	167	190
583	2807	2813	0	0	2.28192	21.4646	15.2973	167	172
584	3335	3337	0	0	2.31416	41.9063	29.7447	168	197
585	1435	2812	0	0	2.37266	15.6794	11.048	172	174
586	2496	2497	0	0	2.8976	17.9889	11.8979	173	197
587	3500	3497	0	0	0.856341	23.4823	20.3964	175	198
588	2670	3119	0	0	1.09144	5.06865	4.24925	176	182
589	806	805	0	0	1.71471	37.6487	28.8949	177	187
590	812	810	0	0	2.91805	46.3678	30.5946	177	189
591	2656	3596	0	0	2.7408	5.04553	3.3994	178	200
593	1998	1319	0	0	0.936133	14.8562	12.7477	178	179
594	2662	1445	0	0	0.69117	28.6089	25.4955	184	195
595	3617	3493	0	0	2.43797	4.86365	3.3994	185	194
597	3608	3320	0	0	2.11173	32.674	23.7958	186	196
598	3480	3484	0	0	0.546678	37.2773	33.994	188	193
599	3615	3618	0	0	2.6947	26.3436	17.8468	191	194
600	3608	3312	0	0	2.62485	13.6837	9.34835	196	200
601	3563	3564	0	0	2.56006	32.0903	22.0961	1	81
602	3566	3567	0	0	3.06849	27.5223	17.8468	125	144
603	3569	3570	0	0	0.475095	11.9754	11.048	69	87
604	3572	3573	0	0	0.9357	23.7683	20.3964	57	194
605	3575	3576	0	0	2.81439	30.5384	20.3964	68	99
606	3578	3579	0	0	2.63708	24.9162	16.997	89	169
607	3581	3582	0	0	2.38152	12.0744	8.4985	113	174
608	3584	3614	0	0	1.80274	16.808	12.7477	6	16
609	3587	3588	0	0	0.844185	29.2981	25.4955	115	142
610	3590	3591	0	0	2.03471	35.8162	26.3453	113	136
611	3593	3594	0	0	1.10429	24.3758	20.3964	28	97
612	3596	3609	0	0	1.22299	13.4353	11.048	37	200
613	3606	3600	0	0	1.09983	18.2698	15.2973	105	193
614	3602	3603	0	0	1.5602	22.7664	17.8468	33	58
615	3605	3606	0	0	2.64816	39.9191	27.1952	10	105
616	3608	3609	1	0	2.01653	32.2737	23.7958	186	200
617	3611	3612	0	0	0.778718	27.0697	23.7958	18	185
618	3614	3615	0	0	1.13966	30.6291	25.4955	6	191
619	3617	3618	0	0	0.826737	30.1935	26.3453	101	194
620	3620	3621	0	0	3.08542	34.1413	22.0961	23	95
Cells
id	A0	EdgeNumb	Type	xflag	yflag	Area	Pressure	Perimeter	Centerx	Centery	EdgeList	CWVertices	dEnergy
1	1319.88	6	0	0	0	1306.5	148.629	0.0135116	181.384	480.102	1,2,3,4,6,601,	3563,3564,1794,2499,2498,2979,	QUADRATIC
2	1519.57	6	0	0	0	1491.08	160.79	0.0249958	275.42	121.605	7,8,9,10,11,12,	2764,2762,2763,2760,2761,2765,	QUADRATIC
3	1727.24	5	0	0	0	1690.05	165.298	0.0287052	87.9891	526.609	13,14,15,16,17,	3496,3350,3351,3349,3498,	QUADRATIC
4	1393.43	5	0	0	0	1364.49	153.539	0.0276893	227.228	331.835	18,19,20,21,22,	1784,1780,1781,1782,1783,	QUADRATIC
5	1378.86	6	0	0	1	1359.68	164.263	0.0185499	318.633	683.192	23,24,25,26,27,28,	888,2135,1413,2141,376,886,	QUADRATIC
6	1219.66	6	0	0	0	1232.36	140.36	-0.0138835	108.687	636.98	29,30,31,32,608,618,	3561,3584,3614,3615,3572,2184,	QUADRATIC
7	1216.14	7	0	0	0	1223.75	155.846	-0.00834867	330.718	267.085	33,34,35,36,37,38,39,	3199,2043,2660,2661,2668,2669,3198,	QUADRATIC
8	1388.36	6	0	1	0	1404.08	147.24	-0.0150953	391.92	90.2756	40,41,42,43,44,45,	2750,1402,761,1396,2632,2751,	QUADRATIC
9	1047.88	7	0	0	1	1054.83	138.931	-0.00883822	191.286	0.765907	46,47,48,49,50,51,52,	2181,324,798,797,3485,3486,2182,	QUADRATIC
10	1295.35	7	0	0	0	1285.53	162.532	0.0101055	141.551	547.486	53,54,55,56,57,58,615,	3606,3605,3343,2998,3340,3342,3480,	QUADRATIC
11	1186	5	0	0	0	1146.25	142.052	0.0446903	284.115	167.029	9,59,60,61,62,	2760,2763,2147,2148,2146,	QUADRATIC
12	1603.22	7	0	0	0	1625.36	161.62	-0.0184099	297.561	249.287	38,63,64,65,66,67,68,	2043,3199,3197,2145,1443,2209,2208,	QUADRATIC
13	1477.19	6	0	0	0	1473.8	155.582	0.0030584	50.2053	139.273	69,70,71,72,73,74,	2810,1406,1403,2740,2743,2811,	QUADRATIC
14	1134.68	7	0	0	0	1164.45	138.455	-0.034981	63.4513	408.802	75,76,77,78,79,80,81,	3326,2999,2971,3317,3318,2973,3325,	QUADRATIC
15	1088.41	7	0	0	0	1091.07	147.909	-0.00326308	341.457	338.721	36,82,83,84,85,86,87,	2661,2660,2662,2666,2665,2663,2664,	QUADRATIC
16	1478.5	6	0	0	0	1485.59	155.542	-0.00639414	134.319	595.099	54,88,89,90,92,608,	3342,3340,3550,3614,3584,3341,	QUADRATIC
17	1375.54	7	0	1	0	1375.56	153.972	-2.12024e-05	1.16347	438.728	93,94,95,96,97,98,99,	2974,2939,1999,1982,1984,2941,2975,	QUADRATIC
18	1525.4	6	0	0	0	1512.21	157.843	0.0115328	33.4381	519.182	100,101,102,103,104,617,	3322,2949,2948,3611,3612,3324,	QUADRATIC
19	1277.81	5	0	0	0	1269.41	143.231	0.00876959	386.837	305.53	105,106,107,108,109,	3575,2655,2657,2656,2658,	QUADRATIC
20	1188.54	7	0	0	0	1197.6	145.25	-0.0101665	332.283	152.719	110,111,112,113,114,115,116,	3195,2745,2746,3190,3189,2744,3196,	QUADRATIC
21	1185.92	6	0	0	0	1188.64	143.718	-0.00306046	326.123	390.691	87,117,118,119,120,121,	2665,2666,1446,820,819,821,	QUADRATIC
22	929.532	6	0	0	0	932.251	119.595	-0.0038998	236.389	376.408	19,122,123,124,125,126,	1782,1781,1101,1100,817,818,	QUADRATIC
23	1223.83	5	0	0	0	1195.56	143.124	0.0307947	292.112	533.691	127,128,129,130,620,	892,890,3621,3620,893,	QUADRATIC
24	1832.29	7	0	0	0	1825.18	182.437	0.00517072	285.064	343.898	131,132,133,134,135,136,137,	2211,824,822,823,1444,1445,2210,	QUADRATIC
25	1447.09	5	0	0	0	1409.81	171.466	0.0343492	344.285	201.908	33,115,138,139,140,	3198,2669,2670,2745,3195,	QUADRATIC
26	1528.04	6	0	0	0	1521.45	166.413	0.00574986	270.861	395.752	123,134,141,142,143,144,	818,817,815,816,823,822,	QUADRATIC
27	1451.71	6	0	1	0	1466.3	148.547	-0.0133988	14.2886	631.906	145,146,147,148,149,150,	3558,3364,2546,3239,3353,3557,	QUADRATIC
28	1533.12	6	0	0	0	1517.13	158.516	0.0139059	71.0464	64.6028	151,152,153,154,155,611,	3594,3593,1408,1405,2794,3233,	QUADRATIC
29	1563.87	5	0	0	0	1526.72	169.775	0.031673	92.7789	332.951	156,157,158,159,160,	2970,1779,1093,2473,2972,	QUADRATIC
30	944.334	6	0	0	0	923.202	136.792	0.0298375	135.376	478.887	57,161,162,163,164,165,	3343,3605,3348,3347,3346,3345,	QUADRATIC
31	1323.7	6	0	0	0	1325.76	144.491	-0.0020798	22.2412	158.624	70,169,170,171,172,173,	2743,2740,2741,2739,3566,3188,	QUADRATIC
32	1119.23	5	0	0	0	1110.39	135.765	0.0105358	171.297	226.544	174,175,176,177,178,	318,3578,568,570,3581,	QUADRATIC
33	1293.54	6	0	0	0	1258.78	153.389	0.0358276	316.71	527.054	129,180,181,182,183,614,	890,892,1532,1535,3603,3602,	QUADRATIC
34	1467.99	6	0	0	0	1467.28	160.053	0.000641325	306.921	581.83	130,180,184,185,186,187,	892,893,889,887,1533,1532,	QUADRATIC
35	1624.65	6	0	0	0	1600.58	169.766	0.0197503	108.815	449.627	162,188,189,190,191,192,	3345,3346,2500,3000,3500,3499,	QUADRATIC
36	1579.67	7	0	0	1	1612.22	174.714	-0.0274736	252.434	33.3514	193,194,195,196,197,198,199,	2149,1410,2496,3337,801,804,2150,	QUADRATIC
37	1567.01	6	0	1	0	1550.04	169.524	0.014438	397.754	377.439	97,200,201,202,203,612,	1999,2939,2969,3609,3596,1998,	QUADRATIC
38	1510.14	6	0	0	1	1545.21	151.03	-0.0309645	154.596	677.455	46,205,206,207,208,209,	2182,3486,3489,3334,1431,2183,	QUADRATIC
39	1647.07	7	0	0	0	1675.05	161.121	-0.0226538	33.6344	278.087	210,211,212,213,214,215,216,	3311,2475,2132,2131,1778,1777,3312,	QUADRATIC
40	1219.45	5	0	0	0	1202.6	141.56	0.0184185	243.701	216.275	217,218,219,220,221,	2206,2204,2203,2205,2207,	QUADRATIC
41	1319.64	5	0	0	0	1316.26	143.658	0.00341787	40.7502	603.253	149,222,223,224,225,	3364,3558,3554,3493,3365,	QUADRATIC
42	1567.24	5	0	1	0	1551.49	158.947	0.0133979	399.771	138.13	44,170,226,227,228,	1402,2750,2749,2739,2741,	QUADRATIC
43	1408.07	6	0	0	0	1412.88	148.498	-0.00455663	113.018	558.518	14,55,88,229,230,231,	3349,3351,3549,3550,3340,2998,	QUADRATIC
44	1467.21	5	0	0	1	1441.51	154.41	0.023351	292.778	676.258	27,232,233,234,235,	2135,888,1790,1792,2134,	QUADRATIC
45	1329.52	8	0	0	0	1378.89	148.983	-0.0495078	101.077	390.109	79,159,189,236,237,238,239,240,	2971,2999,3000,2500,2477,2480,1779,2970,	QUADRATIC
46	1316.87	6	0	0	0	1304.88	162.864	0.0121436	183.531	62.2237	51,241,242,243,244,245,	324,2181,2179,325,814,811,	QUADRATIC
47	1409.59	6	0	0	0	1424.03	153.09	-0.0136612	118.875	239.714	246,247,248,249,250,251,	2817,2815,2812,2813,2814,2816,	QUADRATIC
48	1725.9	5	0	0	0	1730.51	167.416	-0.00356204	260.012	607.08	252,253,254,255,256,	2493,1791,1110,2487,2495,	QUADRATIC
49	1513.54	6	0	0	0	1474.17	162.819	0.0346822	220.581	410.644	125,257,258,259,260,261,	1100,1101,1105,1106,1109,1108,	QUADRATIC
50	1605.01	6	0	0	0	1583.16	160.714	0.018154	254.386	178.508	10,62,217,262,263,264,	2763,2762,802,2207,2205,2147,	QUADRATIC
51	1304.33	5	0	0	0	1274.09	153.895	0.0309164	186.577	535.274	1,265,266,267,268,	2979,2498,3600,3483,2977,	QUADRATIC
52	1338.79	5	0	0	0	1317.98	151.318	0.0207221	153.706	405.408	269,270,271,272,273,	2476,1785,1786,1099,2481,	QUADRATIC
53	1031.31	6	0	0	0	1032.13	131.909	-0.00106369	240.214	459.658	261,274,275,276,277,278,	1108,1109,2483,2484,1788,1107,	QUADRATIC
54	1290.76	5	0	0	0	1252.4	153.342	0.0396303	311.964	442.196	119,279,280,281,283,	819,820,3569,732,731,	QUADRATIC
55	1375.81	6	0	0	0	1375.81	147.621	4.49156e-06	53.1321	231.09	213,284,285,286,287,288,	2131,2132,2200,2201,3187,3185,	QUADRATIC
56	1131.1	5	0	0	0	1108.11	142.592	0.0271055	158.535	155.284	289,290,291,292,293,	1438,1437,1436,1439,3582,	QUADRATIC
57	1711.47	6	0	0	1	1735.56	165.778	-0.0187643	82.0209	663.077	29,294,295,296,297,604,	2184,3572,3573,793,3459,3457,	QUADRATIC
58	1269.62	7	0	0	0	1301.29	137.418	-0.0332599	330.649	482.096	280,299,300,301,302,303,614,	731,732,3602,3603,734,735,736,	QUADRATIC
59	1593.01	6	0	0	0	1606.06	168.321	-0.0109212	202.549	629.76	48,304,305,306,307,308,	3485,797,3335,2997,3333,3487,	QUADRATIC
60	1340.52	6	0	0	0	1330.06	154.109	0.0104057	305.095	131.193	8,59,111,309,310,311,	2761,2760,2146,2744,3189,3194,	QUADRATIC
61	1482.33	7	0	0	0	1503.63	160.332	-0.0191619	211.093	290.183	21,312,313,314,315,316,317,	1780,1784,1095,1097,1096,1094,1098,	QUADRATIC
62	1552.96	7	0	0	0	1584.9	157.913	-0.0274209	247.601	297.003	22,136,317,318,319,320,321,	1784,1783,824,2211,2212,1442,1095,	QUADRATIC
63	1200.37	5	0	0	0	1173.14	137.932	0.0302447	25.8696	475.721	93,103,322,323,324,	2975,2941,2949,3322,3323,	QUADRATIC
64	1473.06	8	0	0	0	1532.39	157.468	-0.0536996	207.842	579.606	267,305,325,326,327,328,329,330,	2977,3483,3484,3333,2997,2494,2488,2978,	QUADRATIC
65	1199.9	6	0	0	0	1195.78	147.932	0.00457624	354.283	388.569	86,117,331,332,333,334,	2663,2665,821,730,1320,1319,	QUADRATIC
66	1126.7	6	0	0	0	1120.36	134.375	0.00750414	155.03	454.999	3,164,271,335,336,337,	2499,1794,1786,1785,3347,3348,	QUADRATIC
67	1652.64	6	0	0	0	1625.58	170.301	0.0218344	123.497	64.0537	338,339,340,341,342,343,	3232,2793,2176,2177,2178,3231,	QUADRATIC
68	1358.74	7	0	1	0	1356.51	165.742	0.00218458	2.77759	263.966	109,211,344,345,347,348,605,	3575,2658,1777,1778,2129,2130,3576,	QUADRATIC
69	1416.7	7	0	0	0	1411.71	168.59	0.00469548	294.319	411.976	120,133,141,283,349,350,603,	820,1446,1444,823,816,3570,3569,	QUADRATIC
70	1501.74	5	0	0	0	1467.56	159.979	0.0303427	192.69	400.602	258,351,352,353,354,	1106,1105,1104,1102,1103,	QUADRATIC
71	1241.7	6	0	0	0	1233.53	144.797	0.00877459	57.1718	187.459	69,172,284,355,356,357,	2811,2743,3188,3187,2201,2806,	QUADRATIC
72	1498.98	5	0	0	0	1480.51	154.677	0.0164263	125.1	113.395	341,358,359,360,361,	2176,2793,2796,795,796,	QUADRATIC
73	1327.3	6	0	0	0	1329.1	149.318	-0.00180382	276.241	570.57	127,186,253,362,364,365,	893,3620,2486,2487,1110,889,	QUADRATIC
74	1559.87	5	0	0	0	1539.21	156.102	0.0176625	36.1723	437.525	75,99,323,366,367,	3325,2973,2974,2975,3323,	QUADRATIC
75	1279.53	7	0	0	0	1298.26	150.697	-0.0195198	170.888	365.275	269,353,368,369,370,371,372,	2481,1099,1102,1104,574,1776,2482,	QUADRATIC
76	1626.53	6	0	0	0	1625.38	172.37	0.000940309	317.361	92.8303	112,311,373,374,375,376,	3189,3190,3191,3192,3193,3194,	QUADRATIC
77	1809.73	7	0	0	0	1835.34	177.195	-0.018865	138.084	362.575	238,273,372,377,378,379,380,	2480,2477,2476,2481,2482,2478,2479,	QUADRATIC
78	1604.67	5	0	0	0	1565.32	165.747	0.0326936	250.005	422.993	124,143,260,275,381,	817,1100,1108,1107,815,	QUADRATIC
79	1316.27	8	0	0	1	1345.75	147.961	-0.029862	115.673	684.009	32,206,294,338,382,383,384,385,	3561,2184,3457,3458,3231,2178,1431,3334,	QUADRATIC
80	1328.93	7	0	0	0	1309.56	156.265	0.0194373	56.9465	471.089	81,104,324,367,386,387,388,	3326,3325,3323,3322,3324,3495,3497,	QUADRATIC
81	1202.76	7	0	0	0	1203.92	142.684	-0.00129029	203.13	452.066	257,274,351,389,390,391,601,	1109,1106,1103,3564,3563,2981,2483,	QUADRATIC
82	1345.72	6	0	0	0	1348.57	145.786	-0.00281884	19.5453	111.131	43,71,171,228,392,393,	761,1402,2741,2740,1403,1404,	QUADRATIC
83	875.02	6	0	0	0	860.99	117.131	0.0213787	275.526	212.042	61,66,218,262,394,395,	2148,2147,2205,2203,1443,2145,	QUADRATIC
84	1027.65	6	0	0	0	1008.25	138.762	0.0251721	176.025	430.386	4,270,336,352,371,389,	1794,3564,1103,1102,1099,1786,	QUADRATIC
85	1332.98	6	0	0	0	1316.3	154.504	0.0166828	361.497	448.85	303,333,396,397,398,399,	736,735,1986,1983,1320,730,	QUADRATIC
86	1116.42	5	0	0	0	1098.65	138.93	0.0212222	19.594	235.837	212,287,344,400,401,	1778,2131,3185,3567,2129,	QUADRATIC
87	1585.27	7	0	0	0	1612.07	164.209	-0.0225397	295.579	481.06	128,181,281,301,402,403,603,	3621,890,3602,732,3569,3570,379,	QUADRATIC
88	1650.49	6	0	0	0	1643.09	170.973	0.00598134	200.442	233.019	175,315,405,406,407,408,	570,568,1096,1097,573,572,	QUADRATIC
89	1622.61	6	0	0	0	1633.58	164.086	-0.00901384	149.53	255.088	177,250,409,411,412,606,	3578,318,2815,2817,1773,3579,	QUADRATIC
90	973.013	6	0	0	0	959.037	125.231	0.019152	97.829	93.6425	151,342,361,413,414,415,	3233,2794,2795,2796,2793,3232,	QUADRATIC
91	1413.38	7	0	0	0	1423.4	157.155	-0.00945473	253.099	84.042	12,193,416,417,418,419,420,	2764,2765,2150,804,803,806,807,	QUADRATIC
92	1445.91	6	0	0	0	1433.03	162.435	0.0118734	158.86	311.844	368,380,411,421,422,423,	2482,1776,1774,3579,1773,2478,	QUADRATIC
93	1327.75	6	0	1	0	1333.02	143.72	-0.00529082	9.22876	588.695	148,222,424,425,426,427,	2546,3364,3365,3027,2491,1528,	QUADRATIC
94	1543.99	6	0	0	0	1523.31	172.222	0.0178573	208.167	520.643	6,266,325,391,428,429,	3563,2979,2977,2978,2976,2981,	QUADRATIC
95	1330.82	6	0	0	0	1314.06	160.821	0.0167915	268.624	518.495	362,402,430,431,432,620,	2486,3620,3621,379,1787,2485,	QUADRATIC
96	1353.76	6	0	0	0	1350.21	156.823	0.00349396	228.024	247.999	220,316,319,408,433,434,	2204,2206,573,1097,1095,1442,	QUADRATIC
97	1249.45	5	0	0	1	1246.88	140.139	0.0027373	81.4099	18.5051	295,385,435,436,611,	3457,3459,3593,3594,3458,	QUADRATIC
98	1499.74	6	0	0	0	1506.13	151.125	-0.0056784	23.492	400.036	76,98,201,366,437,438,	2973,3318,3319,2969,2939,2974,	QUADRATIC
99	1452.34	5	0	0	0	1434.52	149.185	0.0163641	379.518	265.057	108,439,440,441,605,	2655,3575,3576,3120,2667,	QUADRATIC
100	990.756	6	0	0	0	977.709	132.954	0.0175581	389.542	528.455	442,443,444,445,446,447,	2990,1985,1987,742,1526,2991,	QUADRATIC
101	1526.01	6	0	0	0	1539.76	153.935	-0.0120109	74.7975	568.72	15,229,448,449,450,619,	3351,3350,3025,3617,3618,3549,	QUADRATIC
102	1213.7	7	0	0	0	1226.25	145.511	-0.0137841	100.406	281.124	157,246,451,452,453,454,455,	2473,1093,1092,2816,2814,2202,2474,	QUADRATIC
103	1382.6	5	0	0	0	1327.86	161.661	0.0527855	246.545	140.008	11,264,416,456,457,	2762,2764,807,808,802,	QUADRATIC
104	1299.26	6	0	0	0	1283.38	153.474	0.016299	386.422	470.287	95,399,445,458,459,460,	1984,1982,1983,1986,1987,1985,	QUADRATIC
105	1714.4	6	0	0	0	1699.69	170.892	0.0114366	157.867	509.931	2,165,265,337,613,615,	2498,2499,3348,3605,3606,3600,	QUADRATIC
106	1591.74	6	0	0	0	1591.2	163.601	0.000456521	140.888	638.162	31,90,207,382,462,463,	3584,3561,3334,3489,3488,3341,	QUADRATIC
107	1491.24	5	0	0	0	1463	161.696	0.0252462	169.479	34.253	52,209,245,464,465,	2181,2182,2183,2180,2179,	QUADRATIC
108	1050.27	6	0	0	0	1026.38	142.058	0.030332	173.901	123.715	243,292,466,467,468,470,	814,325,1437,1438,3590,813,	QUADRATIC
109	1377.6	8	0	0	1	1384.79	160.434	-0.00695561	50.0077	26.1223	154,296,436,472,473,474,475,476,	1408,3593,3459,793,794,792,791,1407,	QUADRATIC
110	1206.85	8	0	0	0	1247.88	142.581	-0.0453277	217.139	188.257	221,263,407,434,456,477,478,479,	2206,2207,802,808,809,3591,572,573,	QUADRATIC
111	1477.37	6	0	0	1	1470.97	166.472	0.00577843	372.304	4.4196	480,481,482,483,484,485,	3238,2240,2241,2144,2631,2753,	QUADRATIC
112	1535.76	8	0	0	0	1530.98	171.78	0.00414985	153.382	95.4354	244,291,340,358,464,466,486,487,	325,2179,2180,2177,2176,796,1436,1437,	QUADRATIC
113	1526.79	7	0	0	0	1566.24	158.211	-0.0344532	182.33	184.187	174,293,406,470,477,607,610,	3581,570,572,3591,3590,1438,3582,	QUADRATIC
114	1280.42	5	0	0	0	1239.53	144.064	0.0425798	45.317	369.996	77,438,488,489,490,	3318,3317,3321,3320,3319,	QUADRATIC
115	1426.83	5	0	0	0	1426.11	150.513	0.000671203	359.563	646.817	483,491,492,493,609,	2241,2240,3588,3587,2238,	QUADRATIC
116	1174.91	5	0	0	0	1139.62	138.363	0.0400442	342.667	525.42	182,300,494,495,496,	3603,1535,1536,179,734,	QUADRATIC
117	1440.63	6	0	1	0	1425.86	156.537	0.0136683	2.8051	499.731	94,102,322,446,459,497,	2941,1984,1985,2990,2948,2949,	QUADRATIC
118	1373.15	5	0	0	0	1359.17	152.473	0.0135738	185.771	319.878	313,369,423,498,499,	1098,1094,1774,1776,574,	QUADRATIC
119	1141.91	6	0	1	0	1149.2	133.511	-0.00851377	8.21104	548.599	101,426,447,497,500,502,	3611,2948,2990,2991,2491,3027,	QUADRATIC
120	1482.16	5	0	0	1	1464.91	155.275	0.0155152	27.3707	675.272	145,475,503,504,505,	3557,3353,787,792,794,	QUADRATIC
121	1006.46	6	0	0	0	982.758	135.918	0.0314003	59.327	521.884	16,100,386,449,506,507,	3350,3496,3495,3324,3612,3025,	QUADRATIC
122	1410.59	5	0	0	0	1406.42	149.616	0.00394211	280.962	291.148	64,137,321,508,509,	2208,2209,2212,2211,2210,	QUADRATIC
123	1502.3	4	0	0	0	1443.67	161.851	0.052036	223.273	485.454	278,390,428,510,	2484,2483,2981,2976,	QUADRATIC
124	1237.49	6	0	0	0	1242.7	139.348	-0.0056162	67.4571	303.575	156,215,453,511,512,513,	2972,2473,2474,2475,3311,3313,	QUADRATIC
125	1374.01	8	0	1	0	1386.54	167.516	-0.0121622	398.291	186.353	169,226,348,400,514,515,516,602,	3566,2739,2749,2748,3118,2130,2129,3567,	QUADRATIC
126	1882.02	6	0	0	0	1886.25	174.385	-0.00299558	336.944	576.029	183,187,496,517,518,519,	1535,1532,1533,1531,1534,1536,	QUADRATIC
127	860.271	6	0	0	0	857.622	121.43	0.00410565	390.451	576.221	425,442,500,520,521,522,	1528,2491,2991,1526,1527,1529,	QUADRATIC
128	1523.63	5	0	0	0	1521.23	153.724	0.00209914	266.58	647.517	235,255,523,524,525,	1792,1790,1791,2493,2497,	QUADRATIC
129	1428.1	5	0	0	0	1425.5	153.535	0.00243172	175.096	642.504	47,208,308,463,526,	3486,3485,3487,3488,3489,	QUADRATIC
130	1371.48	6	0	0	0	1374.28	150.13	-0.00272033	389.443	44.7231	41,480,527,528,529,530,	2632,1396,1395,1399,2753,2631,	QUADRATIC
131	1215.35	6	0	1	0	1223.3	138.308	-0.00871766	16.6875	69.0691	42,392,473,528,531,532,	1396,761,1404,1407,791,1395,	QUADRATIC
132	1493.24	6	0	0	0	1519.2	161.435	-0.0231756	240.259	573.443	252,327,365,432,533,534,	2495,2487,2486,2485,2488,2494,	QUADRATIC
133	1485.5	7	0	0	0	1514.8	158.861	-0.0262952	330.015	631.206	23,184,492,519,535,536,537,	886,376,2238,3587,1531,1533,887,	QUADRATIC
134	1386.13	6	0	0	0	1367.67	157.159	0.0177527	133.682	159.689	290,359,486,539,540,541,	1439,1436,796,795,1434,1435,	QUADRATIC
135	1697.73	7	0	0	0	1762.14	162.71	-0.0505843	294.937	41.4095	26,198,233,373,542,543,544,	1413,2135,2134,1410,2149,3193,3192,	QUADRATIC
136	1268.38	6	0	0	0	1235.56	149.869	0.0345008	197.7	145.661	468,478,545,546,547,610,	813,3590,3591,809,805,812,	QUADRATIC
137	1524.42	6	0	0	0	1524.27	162.026	0.000132183	354.246	298.543	35,84,107,439,548,549,	2668,2661,2664,2657,2655,2667,	QUADRATIC
138	1302.32	6	0	0	0	1333.9	150.599	-0.0323333	330.227	52.7262	25,374,544,550,551,552,	2141,1413,3192,3191,2133,2143,	QUADRATIC
139	1926.26	7	0	0	0	1978.05	173.523	-0.0358486	218.557	41.4971	50,194,241,419,553,554,555,	798,324,811,810,803,804,801,	QUADRATIC
140	1767.68	6	0	0	0	1745.73	177.26	0.016557	71.831	359.838	78,160,236,488,512,556,	3317,2971,2970,2972,3313,3321,	QUADRATIC
141	1533.59	6	0	0	1	1521.82	167.902	0.0102307	343.86	7.76992	24,482,491,535,550,557,	376,2141,2143,2144,2241,2238,	QUADRATIC
142	1329	6	0	0	0	1349.55	144.416	-0.0206174	364.322	602.859	518,521,537,558,559,609,	1534,1531,3587,3588,1529,1527,	QUADRATIC
143	1517.15	6	0	0	0	1513.41	155.002	0.00328784	363.999	499.662	299,396,444,460,494,560,	735,734,179,742,1987,1986,	QUADRATIC
144	1543.45	5	0	0	0	1524.34	153.421	0.0165127	26.2477	199.033	173,288,357,401,602,	3188,3566,3567,3185,3187,	QUADRATIC
145	1500.45	5	0	0	1	1462.46	163.912	0.033761	140.665	32.7267	205,339,383,465,487,	2183,1431,2178,2177,2180,	QUADRATIC
146	1533	6	0	0	0	1528.51	158.188	0.00390408	74.8458	118.208	73,152,414,561,562,563,	1406,2810,2809,2795,2794,1405,	QUADRATIC
147	1900.86	7	0	0	0	1893.24	198.275	0.00534344	241.638	521.777	277,326,429,430,510,533,564,	1788,2484,2976,2978,2488,2485,1787,	QUADRATIC
148	1659.6	6	0	0	0	1655.52	172.467	0.00327493	130.35	294.247	251,379,412,421,451,565,	2817,2816,1092,2479,2478,1773,	QUADRATIC
149	1490.56	6	0	0	0	1491.38	158.074	-0.000737102	82.875	174.853	74,355,563,566,567,568,	2810,2811,2806,2807,2808,2809,	QUADRATIC
150	1414.49	6	0	0	0	1408.15	154.88	0.00597696	45.3977	85.1257	72,153,393,472,532,561,	1403,1406,1405,1408,1407,1404,	QUADRATIC
151	1652.39	7	0	0	0	1680.92	169.826	-0.0230228	360.469	64.0405	40,481,529,551,557,569,570,	2751,2632,2631,2144,2143,2133,2752,	QUADRATIC
152	1425.5	6	0	0	0	1411.7	165.816	0.0129096	370.755	125.15	45,227,516,570,571,572,	2750,2751,2752,2747,2748,2749,	QUADRATIC
153	1146.43	6	0	0	0	1150.77	141.902	-0.00504273	283.879	79.032	7,199,310,376,420,542,	2765,2761,3194,3193,2149,2150,	QUADRATIC
154	1602.21	6	0	0	0	1608.77	164.72	-0.00545849	51.3914	648.797	150,225,297,476,505,573,	3558,3557,794,793,3573,3554,	QUADRATIC
155	1554.55	6	0	0	0	1546.23	159.36	0.00713534	116.737	505.335	13,56,161,191,230,574,	3498,3349,2998,3343,3345,3499,	QUADRATIC
156	1403.68	5	0	0	0	1375.43	149.41	0.0268375	255.721	347.502	18,122,135,144,318,	1783,1782,818,822,824,	QUADRATIC
157	1260.64	6	0	0	0	1251.24	156.622	0.00994725	344.89	109.233	113,375,552,569,572,575,	3190,2746,2747,2752,2133,3191,	QUADRATIC
158	1257.32	7	0	0	0	1265.31	148.265	-0.0084762	389.154	625.974	147,424,484,493,520,559,576,	3239,2546,1528,1529,3588,2240,3238,	QUADRATIC
159	1614.53	5	0	0	0	1589.73	169.546	0.0204838	384.261	216.948	347,441,514,577,578,	3576,2130,3118,3119,3120,	QUADRATIC
160	1520.3	5	0	0	0	1481.95	172.036	0.0336353	320.426	215.53	39,68,116,140,579,	3199,3198,3195,3196,3197,	QUADRATIC
161	1515.24	6	0	0	0	1499.34	162.162	0.0139948	103.879	147.72	360,413,541,562,566,580,	795,2796,2795,2809,2808,1434,	QUADRATIC
162	1522.13	6	0	0	0	1539.3	153.298	-0.0150443	262.584	252.978	65,219,320,395,433,508,	2209,1443,2203,2204,1442,2212,	QUADRATIC
163	1427.61	7	0	0	0	1455.7	157.191	-0.0262306	298.481	626.436	28,185,232,254,364,523,536,	888,886,887,889,1110,1791,1790,	QUADRATIC
164	1378.01	6	0	0	0	1371.93	148.795	0.00588069	368.007	554.171	443,495,517,522,558,560,	1526,742,179,1536,1534,1527,	QUADRATIC
165	1704.94	5	0	1	1	1696.33	161.755	0.00673142	15.1813	29.7555	474,503,527,531,581,	791,792,787,1399,1395,	QUADRATIC
166	1538.76	5	0	0	0	1499.63	162.814	0.0339078	338.355	431.315	118,279,302,334,397,	821,819,731,736,730,	QUADRATIC
167	1398.73	7	0	0	0	1427.54	151.402	-0.0274669	88.8212	224.976	247,285,356,455,568,582,583,	2814,2813,2807,2806,2201,2200,2202,	QUADRATIC
168	1438.93	5	0	0	1	1443.89	157.292	-0.00459998	218.718	677.883	49,195,307,553,584,	797,798,801,3337,3335,	QUADRATIC
169	1248.37	6	0	0	0	1262.86	140.476	-0.0154721	180.637	272.439	176,314,405,422,498,606,	568,3578,3579,1774,1094,1096,	QUADRATIC
170	1357.36	7	0	0	0	1369.43	151.934	-0.0118524	204.114	356.187	20,126,259,312,354,370,499,	1781,1780,1098,574,1104,1105,1101,	QUADRATIC
171	1209.27	5	0	0	0	1174.63	144.539	0.038189	98.7256	46.7924	155,343,384,415,435,	3594,3233,3232,3231,3458,	QUADRATIC
172	1025.83	6	0	0	0	1040.57	127.268	-0.0191551	114.16	197.045	248,540,567,580,583,585,	2813,2812,1435,1434,2808,2807,	QUADRATIC
173	1329.2	5	0	0	1	1319.25	156.298	0.00998388	262.44	2.62173	197,234,524,543,586,	2496,1410,2134,1792,2497,	QUADRATIC
174	1311.41	7	0	0	0	1349.3	144.025	-0.0385217	146.334	202.122	178,249,289,409,539,585,607,	318,3581,3582,1439,1435,2812,2815,	QUADRATIC
175	1371.27	5	0	0	0	1350.42	153.39	0.020278	81.6474	435.704	80,188,240,387,587,	2999,3326,3497,3500,3000,	QUADRATIC
176	1369.08	6	0	0	0	1347.69	163.134	0.0208344	356.299	239.449	34,139,440,549,577,588,	2669,2668,2667,3120,3119,2670,	QUADRATIC
177	1820.76	5	0	0	0	1772.88	173.787	0.0350635	222.048	94.3606	418,545,554,589,590,	806,803,810,812,805,	QUADRATIC
178	1601.32	7	0	0	0	1629.44	163.85	-0.0234128	371.739	349.515	85,106,203,331,548,591,593,	2664,2663,1319,1998,3596,2656,2657,	QUADRATIC
179	1384.88	6	0	0	0	1378.03	157.052	0.00659251	380.264	411.979	96,202,332,398,458,593,	1982,1999,1998,1319,1320,1983,	QUADRATIC
180	1506.1	6	0	1	1	1495.2	160.522	0.00964712	399.475	674.042	146,485,504,530,576,581,	3353,3239,3238,2753,1399,787,	QUADRATIC
181	1301.85	7	0	0	0	1308.29	155.319	-0.00659126	270.253	462.443	142,276,349,381,403,431,564,	816,815,1107,1788,1787,379,3570,	QUADRATIC
182	1359.16	7	0	0	0	1375.97	160.524	-0.0164899	362.566	167.936	114,138,515,571,575,578,588,	2746,2745,2670,3119,3118,2748,2747,	QUADRATIC
183	1528.6	6	0	0	0	1520.04	167.809	0.00746466	128.131	420.485	163,190,239,272,335,377,	3346,3347,1785,2476,2477,2500,	QUADRATIC
184	1816.43	6	0	0	0	1826.78	171.816	-0.00759616	313.86	305.682	37,63,83,131,509,594,	2660,2043,2208,2210,1445,2662,	QUADRATIC
185	1197.38	7	0	0	0	1220.85	139.26	-0.0261385	42.2228	563.908	223,427,448,502,506,595,617,	3365,3493,3617,3025,3612,3611,3027,	QUADRATIC
186	1406.61	5	0	1	0	1370.62	150.783	0.0341161	15.1696	352.9	200,437,489,597,616,	3609,2969,3319,3320,3608,	QUADRATIC
187	1182.96	5	0	0	0	1136.08	150.136	0.0528421	223.81	139.19	417,457,479,546,589,	807,806,805,809,808,	QUADRATIC
188	1212.26	7	0	0	0	1253.96	139.832	-0.0458635	169.696	599.363	53,89,304,329,462,526,598,	3480,3342,3341,3488,3487,3333,3484,	QUADRATIC
189	1275.49	5	0	0	0	1228.99	153.227	0.0486108	194.478	93.1379	242,467,547,555,590,	811,814,813,812,810,	QUADRATIC
190	1471.23	5	0	0	0	1463.9	152.83	0.00663905	71.7803	263.598	214,286,454,511,582,	2132,2475,2474,2202,2200,	QUADRATIC
191	1159.77	5	0	0	0	1141.66	134.066	0.0208181	101.218	599.453	92,231,450,599,618,	3614,3550,3549,3618,3615,	QUADRATIC
192	1473.53	6	0	0	0	1446.37	162.799	0.0245724	303.79	186.739	60,67,110,309,394,579,	2146,2148,2145,3197,3196,2744,	QUADRATIC
193	1228.71	5	0	0	0	1229.73	142.03	-0.00110902	172.031	564.434	58,268,330,598,613,	3606,3480,3484,3483,3600,	QUADRATIC
194	1219.26	7	0	0	0	1230.6	145.901	-0.0124016	73.0281	613.191	30,224,573,595,599,604,619,	3572,3615,3618,3617,3493,3554,3573,	QUADRATIC
195	1452.78	5	0	0	0	1450.39	156.827	0.00219166	314.116	357.648	82,121,132,350,594,	2666,2662,1445,1444,1446,	QUADRATIC
196	1492.74	6	0	0	0	1503.5	151.224	-0.00961391	37.7156	322.299	216,490,513,556,597,600,	3311,3312,3608,3320,3321,3313,	QUADRATIC
197	1585.57	8	0	0	0	1592.71	188.563	-0.00600053	232.172	636.349	196,256,306,328,525,534,584,586,	3337,2496,2497,2493,2495,2494,2997,3335,	QUADRATIC
198	1201.13	6	0	0	0	1196.93	136.421	0.00466367	83.3832	482.052	17,192,388,507,574,587,	3496,3498,3499,3500,3497,3495,	QUADRATIC
199	1301.45	5	0	0	0	1268.46	160.706	0.0337931	116.723	335.469	158,237,378,452,565,	1093,1779,2480,2479,1092,	QUADRATIC
200	1002.67	7	0	1	0	1012.58	137.487	-0.0131722	2.13009	318.517	105,210,345,591,600,612,616,	2658,2656,3596,3609,3608,3312,1777,	QUADRATIC
End

