Voronoi Tesselation Data: 
NumbCells 200 	 rng 2031 
ratio pressure to tension	3.333333
Global:
LX	530.330086
LY	530.330086
A0	1406.250000
SEED	89542
TIMEINTERVAL	0.100000
MINAREA	14.062500
MINLENGTH	0.625000
NEWEDGELENGTH	1.250000
K	1.333333
GAMMA	10.000000
TOTALTIME	100.000000
CURRENTTIME	0.000000
VERBOSEON	1
INITIALSTEPSIZE	0.000100
error_tolerance_absolute_mechanical	0.010000
TISSUE_ALPHA	4.00
ALPHAM	0.400000
TISSUE_EXT_STRESS_X	0.000000
TISSUE_EXT_STRESS_Y	0.000000
equilibriumtolerance	0.1
NUCLEATIONTHRESHOLD	1.250000
NUCLEATIONBASECRITERIA	1
endGlobal
Vertices
id	x	y
179	 466.8705	 387.6023
318	 184.3760	 191.2470
319	 263.9989	 133.9175
324	 257.1534	 53.4417
325	 221.7956	 96.1122
326	 377.9516	 355.1014
376	 441.3914	 496.6375
377	 422.8516	 388.9134
378	 380.1539	 402.5606
379	 371.3034	 376.7076
380	 378.0383	 355.6309
568	 234.8088	 191.7292
569	 207.9305	 218.6505
570	 233.0899	 179.1505
571	 260.9870	 139.9737
572	 263.3269	 151.5953
573	 283.9556	 167.4034
574	 254.4263	 272.0605
730	 467.0163	 317.9884
731	 429.8084	 344.2031
732	 423.4713	 380.2502
733	 424.2786	 382.0460
734	 456.4978	 375.9939
735	 461.8788	 356.0257
736	 456.2456	 348.1780
742	 496.1066	 379.1316
761	 20.4844	 64.5097
787	 22.4366	 1.3987
791	 57.2176	 30.7525
792	 58.6174	 16.6791
793	 77.1484	 1.9024
794	 67.7814	 4.5722
795	 141.6085	 112.8383
796	 173.3080	 97.3116
797	 254.8667	 2.5308
798	 267.5788	 31.0239
801	 305.6696	 29.4431
802	 310.9961	 124.1202
803	 301.5353	 69.5266
804	 311.3211	 41.5020
805	 283.6897	 94.9595
806	 303.6634	 76.0441
807	 312.6185	 82.6174
808	 310.2086	 123.4513
809	 291.3591	 119.7236
810	 260.8663	 59.7964
811	 258.4629	 57.1686
812	 265.9717	 91.7306
813	 255.5780	 102.4397
814	 224.5534	 95.5533
815	 339.0669	 344.1168
816	 363.3664	 345.5120
817	 334.0001	 307.9333
818	 348.8060	 291.9240
819	 427.6376	 341.0692
820	 398.7111	 334.3162
821	 437.9979	 314.7017
822	 350.5246	 291.2898
823	 362.5946	 293.0136
824	 340.2532	 250.2327
886	 429.5641	 489.5167
887	 426.8468	 468.6353
888	 402.3418	 499.4599
889	 397.1015	 448.9777
890	 418.9921	 393.4341
891	 389.0496	 405.3515
892	 422.9590	 427.8900
893	 402.4829	 436.4445
1092	 139.8770	 227.7370
1093	 124.8086	 240.0344
1094	 259.1485	 233.6208
1095	 305.9120	 217.3652
1096	 266.8239	 210.1752
1097	 270.8405	 208.2902
1098	 268.3274	 254.5855
1099	 227.0938	 303.8220
1100	 310.1209	 311.3162
1101	 293.9186	 296.9538
1102	 236.1319	 305.7717
1103	 246.6488	 336.5261
1104	 256.4124	 291.7328
1105	 277.5066	 303.7826
1106	 274.0213	 322.5318
1107	 334.1541	 346.9778
1108	 306.3965	 337.0218
1109	 292.5014	 344.5793
1110	 376.5339	 458.4250
1319	 476.5418	 297.5820
1320	 471.4858	 315.4429
1348	 518.2723	 263.1136
1395	 21.7914	 37.0039
1396	 15.8255	 57.1651
1399	 10.9267	 10.4535
1402	 17.5696	 89.9934
1403	 66.8939	 85.1799
1404	 54.3323	 64.9827
1405	 80.4723	 82.8825
1406	 75.0754	 86.0221
1407	 63.5066	 40.7805
1408	 91.5268	 44.0774
1410	 364.1638	 38.2748
1413	 419.6552	 19.3107
1431	 165.9996	 20.5580
1434	 139.9262	 123.9710
1435	 167.4932	 143.9622
1436	 183.4364	 108.0352
1437	 213.5625	 108.8806
1438	 219.7710	 129.8751
1439	 169.7570	 143.3335
1440	 202.6022	 159.1033
1441	 204.4387	 158.6486
1442	 319.5315	 206.7465
1443	 373.0808	 195.1442
1444	 366.9169	 291.7063
1445	 377.2095	 281.2021
1446	 398.1321	 321.3663
1526	 504.1906	 400.3629
1527	 495.2183	 414.8245
1528	 519.7285	 444.5316
1529	 516.1788	 443.4553
1530	 475.9977	 457.5866
1531	 472.7746	 453.3462
1532	 440.1391	 433.7282
1533	 444.7553	 445.5630
1534	 479.3446	 418.7072
1535	 452.1500	 412.8709
1536	 464.5001	 408.7755
1773	 176.6933	 234.3027
1774	 219.3912	 238.0493
1775	 207.8984	 219.0474
1776	 215.8619	 263.0297
1777	 22.8590	 215.8245
1778	 32.8378	 197.7596
1779	 139.3494	 277.7072
1780	 280.3167	 256.8558
1781	 299.0022	 281.4089
1782	 312.1331	 275.7562
1783	 321.0022	 251.4297
1784	 306.1259	 237.3936
1785	 187.4985	 309.9542
1786	 208.5830	 318.3945
1787	 324.0304	 389.2620
1788	 321.9707	 385.8556
1790	 381.5992	 491.8830
1791	 374.1321	 478.7266
1792	 365.6515	 518.8823
1793	 242.1846	 348.4051
1794	 210.2637	 329.2981
1982	 516.6729	 330.1671
1983	 494.3175	 335.0046
1984	 526.7279	 359.8427
1985	 525.2078	 362.8406
1986	 485.8552	 354.9145
1987	 497.3708	 375.0441
1998	 504.6935	 289.7689
1999	 518.3697	 327.4933
2001	 519.8892	 268.2918
2002	 530.2118	 273.4506
2043	 408.8954	 232.1085
2129	 6.0232	 169.1685
2130	 1.9060	 169.6546
2131	 43.9316	 192.3685
2132	 65.2550	 201.6250
2133	 464.4639	 61.2857
2134	 382.4603	 15.8753
2135	 404.1239	 11.8569
2141	 440.3258	 9.0168
2143	 468.3392	 18.9474
2144	 485.6784	 10.1937
2145	 384.6410	 179.8962
2146	 390.7788	 129.7507
2147	 352.8589	 149.1758
2148	 366.8439	 152.2591
2149	 363.4927	 42.0303
2150	 352.6089	 51.8646
2176	 170.7923	 84.2723
2177	 178.1334	 67.0231
2178	 141.1184	 44.4038
2179	 209.3472	 67.2842
2180	 185.7638	 62.0255
2181	 226.6128	 47.4546
2182	 213.9962	 16.4069
2183	 185.8510	 30.3347
2184	 123.8142	 0.1114
2200	 82.8704	 181.9476
2201	 82.1986	 171.4163
2202	 107.7552	 199.3826
2203	 340.4125	 184.2870
2204	 321.7916	 197.6357
2205	 340.9346	 157.1305
2206	 296.7357	 166.3031
2207	 314.0209	 148.1997
2208	 407.3773	 231.9269
2209	 373.4253	 201.4972
2210	 374.7223	 248.2918
2211	 353.0747	 235.9778
2212	 352.3669	 230.1339
2238	 456.7009	 493.4071
2239	 476.2687	 462.2991
2240	 510.0884	 490.7712
2241	 484.8071	 511.7637
2473	 103.6102	 241.9742
2474	 95.2347	 219.2010
2475	 70.1480	 214.2889
2476	 183.1541	 303.7094
2477	 162.6665	 297.8062
2478	 175.6088	 259.5811
2479	 161.9792	 269.1412
2480	 154.6311	 280.0647
2481	 210.0835	 273.5772
2482	 210.4011	 268.9336
2483	 289.2176	 354.1906
2484	 292.4285	 373.1042
2485	 324.4644	 403.0271
2486	 355.5912	 424.5068
2487	 357.2349	 440.5706
2488	 293.8379	 435.2663
2491	 10.5359	 424.5248
2493	 329.8976	 488.7330
2494	 295.7044	 454.1818
2495	 314.1478	 462.5828
2496	 323.7183	 523.3559
2497	 324.9947	 521.7864
2498	 223.3872	 364.5123
2499	 198.0914	 345.3299
2500	 148.4920	 321.8892
2546	 1.1126	 478.7621
2631	 505.5935	 17.5776
2632	 511.4667	 54.8428
2655	 482.8488	 223.7747
2656	 512.1046	 256.3632
2657	 492.4719	 248.1910
2658	 522.7578	 209.1655
2659	 514.9559	 200.7537
2660	 416.4852	 239.1041
2661	 439.5047	 241.4322
2662	 407.2354	 277.8688
2663	 456.6059	 272.9220
2664	 457.2909	 266.9187
2665	 425.3888	 293.7499
2666	 423.6245	 293.4503
2667	 471.2766	 217.2557
2668	 457.4704	 218.3830
2669	 437.0248	 186.0029
2670	 472.2841	 169.0789
2739	 19.9328	 129.8332
2740	 45.8149	 105.9312
2741	 31.8220	 106.1743
2742	 27.8441	 150.0569
2743	 64.7090	 133.1818
2744	 409.4202	 134.6913
2745	 458.9682	 135.6472
2746	 464.9775	 121.5988
2747	 476.6292	 117.8245
2748	 509.6885	 127.6033
2749	 510.4582	 126.9769
2750	 519.7460	 97.8110
2751	 497.6833	 70.1006
2752	 488.9529	 71.4850
2753	 526.7932	 8.0811
2760	 377.0384	 110.7290
2761	 379.6936	 95.4108
2762	 340.7598	 114.8895
2763	 349.5318	 120.5461
2764	 339.8496	 83.5426
2765	 348.6999	 75.9369
2793	 139.9253	 79.6555
2794	 105.9184	 82.5059
2795	 116.0049	 93.8268
2796	 129.4685	 94.1642
2806	 95.4470	 160.4619
2807	 124.1186	 165.5114
2808	 123.9811	 133.0351
2809	 100.0512	 122.5234
2810	 92.4287	 124.1563
2811	 89.0549	 127.7930
2812	 151.2005	 166.8958
2813	 124.6391	 166.1295
2814	 117.4072	 195.9782
2815	 164.3393	 192.6265
2816	 145.9919	 217.1438
2817	 148.1147	 216.4182
2939	 12.1119	 318.9762
2941	 18.4392	 356.7719
2948	 22.5752	 393.2064
2949	 29.4190	 376.3829
2950	 51.3942	 403.3693
2969	 17.8910	 300.0841
2970	 105.6503	 290.5571
2971	 102.5328	 295.0307
2972	 99.5901	 247.5720
2973	 55.8857	 321.0355
2974	 30.7668	 335.8441
2975	 30.5570	 341.9556
2976	 269.5948	 389.5118
2977	 245.2245	 409.9725
2978	 261.0663	 407.2153
2979	 227.8271	 363.6433
2980	 242.1984	 348.6320
2981	 245.5282	 350.7940
2990	 9.2704	 399.5714
2991	 7.4906	 402.4301
2997	 270.6216	 475.2846
2998	 156.5834	 393.5992
2999	 105.4607	 305.6331
3000	 126.9059	 325.4388
3025	 79.0131	 427.4590
3026	 55.3255	 424.1644
3027	 40.3189	 438.1110
3118	 509.2711	 149.4951
3119	 480.0341	 172.2136
3120	 482.1091	 176.7355
3121	 514.8605	 200.2164
3185	 47.2497	 175.0123
3186	 28.3774	 150.2083
3187	 67.3818	 164.0003
3188	 61.3803	 139.0661
3189	 422.3139	 104.0180
3190	 445.2630	 101.3047
3191	 454.4770	 65.5078
3192	 420.4390	 54.6700
3193	 404.1941	 67.6839
3194	 402.0127	 79.8241
3195	 427.6256	 145.3496
3196	 410.1629	 135.8806
3197	 391.9168	 178.1530
3198	 432.9597	 185.0820
3199	 423.3062	 189.0750
3231	 140.1734	 44.6049
3232	 134.4167	 57.9788
3233	 111.5980	 65.9716
3234	 92.1749	 43.8134
3238	 519.0068	 489.7660
3239	 529.3565	 482.1982
3311	 51.3988	 245.8439
3312	 26.8927	 227.7216
3313	 53.9944	 253.4681
3317	 92.5243	 293.8943
3318	 56.9017	 309.6290
3319	 44.4994	 295.4146
3320	 51.4200	 259.8822
3321	 53.0108	 257.9053
3322	 48.8114	 370.3918
3323	 50.7842	 359.0739
3324	 61.9414	 387.1121
3325	 77.2734	 344.4831
3326	 79.7096	 345.1612
3333	 234.6154	 468.8374
3334	 159.1987	 523.0593
3335	 276.8966	 510.4203
3337	 317.7603	 526.2843
3340	 135.0346	 423.9157
3341	 168.8309	 463.9450
3342	 170.9862	 446.2428
3343	 162.4009	 391.6548
3344	 199.5542	 383.1415
3345	 162.7027	 356.1094
3346	 167.6632	 349.5600
3347	 177.2619	 348.0136
3348	 181.7750	 349.5581
3349	 123.5839	 377.1007
3350	 90.8537	 402.0365
3351	 117.7140	 408.7908
3353	 27.7554	 518.7584
3364	 28.1987	 472.1132
3365	 40.9598	 456.4116
3457	 121.0046	 5.5077
3458	 137.3775	 42.2521
3459	 99.2896	 16.4425
3460	 95.8620	 39.0737
3480	 181.5462	 435.8284
3481	 197.3467	 390.0622
3482	 179.3154	 398.8347
3483	 233.6186	 417.6722
3484	 225.4251	 436.0978
3485	 221.7205	 529.1563
3486	 220.8540	 529.7144
3487	 226.5049	 477.0659
3488	 181.0848	 478.9788
3489	 176.5976	 511.4251
3493	 76.9492	 470.9227
3494	 131.1719	 477.4132
3495	 78.7896	 383.7511
3496	 86.5160	 388.6669
3497	 80.7050	 346.4291
3498	 120.0877	 370.6283
3499	 120.7362	 361.0737
3500	 119.3270	 358.3298
3548	 118.5866	 455.8426
3549	 125.4373	 420.8001
3550	 130.9471	 424.4977
3551	 83.9571	 433.3173
3552	 89.1693	 452.3462
3553	 91.8348	 497.9829
3554	 79.6421	 487.2936
3557	 46.4164	 507.6809
3558	 48.6990	 501.1624
3559	 130.8122	 478.3204
3560	 92.3737	 498.0238
3561	 144.5606	 519.5150
Edges
id	vertex1	vertex2	xflag	yflag
1	 2979	 2498	 0 	 0 
2	 2498	 2499	 0 	 0 
3	 2499	 1794	 0 	 0 
4	 1794	 1793	 0 	 0 
5	 1793	 2980	 0 	 0 
6	 2980	 2979	 0 	 0 
7	 2765	 2761	 0 	 0 
8	 2761	 2760	 0 	 0 
9	 2760	 2763	 0 	 0 
10	 2763	 2762	 0 	 0 
11	 2762	 2764	 0 	 0 
12	 2764	 2765	 0 	 0 
13	 3498	 3349	 0 	 0 
14	 3349	 3351	 0 	 0 
15	 3351	 3350	 0 	 0 
16	 3350	 3496	 0 	 0 
17	 3496	 3498	 0 	 0 
18	 1783	 1782	 0 	 0 
19	 1782	 1781	 0 	 0 
20	 1781	 1780	 0 	 0 
21	 1780	 1784	 0 	 0 
22	 1784	 1783	 0 	 0 
23	 886	 376	 0 	 0 
24	 376	 2141	 0 	 1 
25	 2141	 1413	 0 	 0 
26	 1413	 2135	 0 	 0 
27	 2135	 888	 0 	 1 
28	 888	 886	 0 	 0 
29	 2184	 3560	 0 	 1 
30	 3560	 3559	 0 	 0 
31	 3559	 3561	 0 	 0 
32	 3561	 2184	 0 	 1 
33	 3198	 2669	 0 	 0 
34	 2669	 2668	 0 	 0 
35	 2668	 2661	 0 	 0 
36	 2661	 2660	 0 	 0 
37	 2660	 2043	 0 	 0 
38	 2043	 3199	 0 	 0 
39	 3199	 3198	 0 	 0 
40	 2751	 2632	 0 	 0 
41	 2632	 1396	 1 	 0 
42	 1396	 761	 0 	 0 
43	 761	 1402	 0 	 0 
44	 1402	 2750	 1 	 0 
45	 2750	 2751	 0 	 0 
46	 2182	 3486	 0 	 1 
47	 3486	 3485	 0 	 0 
48	 3485	 797	 0 	 1 
49	 797	 798	 0 	 0 
50	 798	 324	 0 	 0 
51	 324	 2181	 0 	 0 
52	 2181	 2182	 0 	 0 
53	 3480	 3342	 0 	 0 
54	 3342	 3340	 0 	 0 
55	 3340	 2998	 0 	 0 
56	 2998	 3343	 0 	 0 
57	 3343	 3482	 0 	 0 
58	 3482	 3480	 0 	 0 
59	 2760	 2146	 0 	 0 
60	 2146	 2148	 0 	 0 
61	 2148	 2147	 0 	 0 
62	 2147	 2763	 0 	 0 
63	 2043	 2208	 0 	 0 
64	 2208	 2209	 0 	 0 
65	 2209	 1443	 0 	 0 
66	 1443	 2145	 0 	 0 
67	 2145	 3197	 0 	 0 
68	 3197	 3199	 0 	 0 
69	 2811	 2743	 0 	 0 
70	 2743	 2740	 0 	 0 
71	 2740	 1403	 0 	 0 
72	 1403	 1406	 0 	 0 
73	 1406	 2810	 0 	 0 
74	 2810	 2811	 0 	 0 
75	 3325	 2973	 0 	 0 
76	 2973	 3318	 0 	 0 
77	 3318	 3317	 0 	 0 
78	 3317	 2971	 0 	 0 
79	 2971	 2999	 0 	 0 
80	 2999	 3326	 0 	 0 
81	 3326	 3325	 0 	 0 
82	 2666	 2662	 0 	 0 
83	 2662	 2660	 0 	 0 
84	 2661	 2664	 0 	 0 
85	 2664	 2663	 0 	 0 
86	 2663	 2665	 0 	 0 
87	 2665	 2666	 0 	 0 
88	 3550	 3340	 0 	 0 
89	 3342	 3341	 0 	 0 
90	 3341	 3494	 0 	 0 
91	 3494	 3548	 0 	 0 
92	 3548	 3550	 0 	 0 
93	 2975	 2941	 0 	 0 
94	 2941	 1984	 1 	 0 
95	 1984	 1982	 0 	 0 
96	 1982	 1999	 0 	 0 
97	 1999	 2939	 1 	 0 
98	 2939	 2974	 0 	 0 
99	 2974	 2975	 0 	 0 
100	 3324	 2950	 0 	 0 
101	 2950	 2948	 0 	 0 
102	 2948	 2949	 0 	 0 
103	 2949	 3322	 0 	 0 
104	 3322	 3324	 0 	 0 
105	 2658	 2656	 0 	 0 
106	 2656	 2657	 0 	 0 
107	 2657	 2655	 0 	 0 
108	 2655	 2659	 0 	 0 
109	 2659	 2658	 0 	 0 
110	 3196	 2744	 0 	 0 
111	 2744	 3189	 0 	 0 
112	 3189	 3190	 0 	 0 
113	 3190	 2746	 0 	 0 
114	 2746	 2745	 0 	 0 
115	 2745	 3195	 0 	 0 
116	 3195	 3196	 0 	 0 
117	 2665	 821	 0 	 0 
118	 821	 819	 0 	 0 
119	 819	 820	 0 	 0 
120	 820	 1446	 0 	 0 
121	 1446	 2666	 0 	 0 
122	 1782	 818	 0 	 0 
123	 818	 817	 0 	 0 
124	 817	 1100	 0 	 0 
125	 1100	 1101	 0 	 0 
126	 1101	 1781	 0 	 0 
127	 893	 891	 0 	 0 
128	 891	 890	 0 	 0 
129	 890	 892	 0 	 0 
130	 892	 893	 0 	 0 
131	 2210	 1445	 0 	 0 
132	 1445	 1444	 0 	 0 
133	 1444	 823	 0 	 0 
134	 823	 822	 0 	 0 
135	 822	 824	 0 	 0 
136	 824	 2211	 0 	 0 
137	 2211	 2210	 0 	 0 
138	 2745	 2670	 0 	 0 
139	 2670	 2669	 0 	 0 
140	 3198	 3195	 0 	 0 
141	 823	 816	 0 	 0 
142	 816	 815	 0 	 0 
143	 815	 817	 0 	 0 
144	 818	 822	 0 	 0 
145	 3557	 3353	 0 	 0 
146	 3353	 3239	 1 	 0 
147	 3239	 2546	 1 	 0 
148	 2546	 3364	 0 	 0 
149	 3364	 3558	 0 	 0 
150	 3558	 3557	 0 	 0 
151	 3233	 2794	 0 	 0 
152	 2794	 1405	 0 	 0 
153	 1405	 1408	 0 	 0 
154	 1408	 3234	 0 	 0 
155	 3234	 3233	 0 	 0 
156	 2972	 2473	 0 	 0 
157	 2473	 1093	 0 	 0 
158	 1093	 1779	 0 	 0 
159	 1779	 2970	 0 	 0 
160	 2970	 2972	 0 	 0 
161	 3343	 3345	 0 	 0 
162	 3345	 3346	 0 	 0 
163	 3346	 3347	 0 	 0 
164	 3347	 3348	 0 	 0 
165	 3348	 3344	 0 	 0 
166	 3344	 3481	 0 	 0 
167	 3481	 3482	 0 	 0 
168	 3186	 2742	 0 	 0 
169	 2742	 2739	 0 	 0 
170	 2739	 2741	 0 	 0 
171	 2741	 2740	 0 	 0 
172	 2743	 3188	 0 	 0 
173	 3188	 3186	 0 	 0 
174	 1441	 570	 0 	 0 
175	 570	 568	 0 	 0 
176	 568	 569	 0 	 0 
177	 569	 318	 0 	 0 
178	 318	 1440	 0 	 0 
179	 1440	 1441	 0 	 0 
180	 1532	 892	 0 	 0 
181	 890	 377	 0 	 0 
182	 377	 1535	 0 	 0 
183	 1535	 1532	 0 	 0 
184	 1533	 887	 0 	 0 
185	 887	 889	 0 	 0 
186	 889	 893	 0 	 0 
187	 1532	 1533	 0 	 0 
188	 3500	 3000	 0 	 0 
189	 3000	 2500	 0 	 0 
190	 2500	 3346	 0 	 0 
191	 3345	 3499	 0 	 0 
192	 3499	 3500	 0 	 0 
193	 2150	 804	 0 	 0 
194	 804	 801	 0 	 0 
195	 801	 3337	 0 	 1 
196	 3337	 2496	 0 	 0 
197	 2496	 1410	 0 	 1 
198	 1410	 2149	 0 	 0 
199	 2149	 2150	 0 	 0 
200	 2002	 2969	 1 	 0 
201	 2969	 2939	 0 	 0 
202	 1999	 1998	 0 	 0 
203	 1998	 2001	 0 	 0 
204	 2001	 2002	 0 	 0 
205	 2183	 1431	 0 	 0 
206	 1431	 3334	 0 	 1 
207	 3334	 3489	 0 	 0 
208	 3489	 3486	 0 	 0 
209	 2182	 2183	 0 	 0 
210	 3312	 1777	 0 	 0 
211	 1777	 1778	 0 	 0 
212	 1778	 2131	 0 	 0 
213	 2131	 2132	 0 	 0 
214	 2132	 2475	 0 	 0 
215	 2475	 3311	 0 	 0 
216	 3311	 3312	 0 	 0 
217	 2207	 2205	 0 	 0 
218	 2205	 2203	 0 	 0 
219	 2203	 2204	 0 	 0 
220	 2204	 2206	 0 	 0 
221	 2206	 2207	 0 	 0 
222	 3364	 3365	 0 	 0 
223	 3365	 3493	 0 	 0 
224	 3493	 3554	 0 	 0 
225	 3554	 3558	 0 	 0 
226	 2739	 2749	 1 	 0 
227	 2749	 2750	 0 	 0 
228	 1402	 2741	 0 	 0 
229	 3549	 3351	 0 	 0 
230	 3349	 2998	 0 	 0 
231	 3550	 3549	 0 	 0 
232	 1790	 888	 0 	 0 
233	 2135	 2134	 0 	 0 
234	 2134	 1792	 0 	 1 
235	 1792	 1790	 0 	 0 
236	 2971	 2970	 0 	 0 
237	 1779	 2480	 0 	 0 
238	 2480	 2477	 0 	 0 
239	 2477	 2500	 0 	 0 
240	 3000	 2999	 0 	 0 
241	 324	 811	 0 	 0 
242	 811	 814	 0 	 0 
243	 814	 325	 0 	 0 
244	 325	 2179	 0 	 0 
245	 2179	 2181	 0 	 0 
246	 2816	 2814	 0 	 0 
247	 2814	 2813	 0 	 0 
248	 2813	 2812	 0 	 0 
249	 2812	 2815	 0 	 0 
250	 2815	 2817	 0 	 0 
251	 2817	 2816	 0 	 0 
252	 2495	 2487	 0 	 0 
253	 2487	 1110	 0 	 0 
254	 1110	 1791	 0 	 0 
255	 1791	 2493	 0 	 0 
256	 2493	 2495	 0 	 0 
257	 1109	 1106	 0 	 0 
258	 1106	 1105	 0 	 0 
259	 1105	 1101	 0 	 0 
260	 1100	 1108	 0 	 0 
261	 1108	 1109	 0 	 0 
262	 2147	 2205	 0 	 0 
263	 2207	 802	 0 	 0 
264	 802	 2762	 0 	 0 
265	 3344	 2498	 0 	 0 
266	 2979	 2977	 0 	 0 
267	 2977	 3483	 0 	 0 
268	 3483	 3481	 0 	 0 
269	 2481	 1099	 0 	 0 
270	 1099	 1786	 0 	 0 
271	 1786	 1785	 0 	 0 
272	 1785	 2476	 0 	 0 
273	 2476	 2481	 0 	 0 
274	 2483	 1109	 0 	 0 
275	 1108	 1107	 0 	 0 
276	 1107	 1788	 0 	 0 
277	 1788	 2484	 0 	 0 
278	 2484	 2483	 0 	 0 
279	 819	 731	 0 	 0 
280	 731	 732	 0 	 0 
281	 732	 380	 0 	 0 
282	 380	 326	 0 	 0 
283	 326	 820	 0 	 0 
284	 3187	 2201	 0 	 0 
285	 2201	 2200	 0 	 0 
286	 2200	 2132	 0 	 0 
287	 2131	 3185	 0 	 0 
288	 3185	 3187	 0 	 0 
289	 1440	 1439	 0 	 0 
290	 1439	 1436	 0 	 0 
291	 1436	 1437	 0 	 0 
292	 1437	 1438	 0 	 0 
293	 1438	 1441	 0 	 0 
294	 2184	 3457	 0 	 0 
295	 3457	 3459	 0 	 0 
296	 3459	 793	 0 	 0 
297	 793	 3553	 0 	 1 
298	 3553	 3560	 0 	 0 
299	 735	 734	 0 	 0 
300	 734	 733	 0 	 0 
301	 733	 732	 0 	 0 
302	 731	 736	 0 	 0 
303	 736	 735	 0 	 0 
304	 3487	 3333	 0 	 0 
305	 3333	 2997	 0 	 0 
306	 2997	 3335	 0 	 0 
307	 3335	 797	 0 	 1 
308	 3485	 3487	 0 	 0 
309	 2744	 2146	 0 	 0 
310	 2761	 3194	 0 	 0 
311	 3194	 3189	 0 	 0 
312	 1780	 1098	 0 	 0 
313	 1098	 1094	 0 	 0 
314	 1094	 1096	 0 	 0 
315	 1096	 1097	 0 	 0 
316	 1097	 1095	 0 	 0 
317	 1095	 1784	 0 	 0 
318	 824	 1783	 0 	 0 
319	 1095	 1442	 0 	 0 
320	 1442	 2212	 0 	 0 
321	 2212	 2211	 0 	 0 
322	 2949	 2941	 0 	 0 
323	 2975	 3323	 0 	 0 
324	 3323	 3322	 0 	 0 
325	 2977	 2978	 0 	 0 
326	 2978	 2488	 0 	 0 
327	 2488	 2494	 0 	 0 
328	 2494	 2997	 0 	 0 
329	 3333	 3484	 0 	 0 
330	 3484	 3483	 0 	 0 
331	 2663	 1319	 0 	 0 
332	 1319	 1320	 0 	 0 
333	 1320	 730	 0 	 0 
334	 730	 821	 0 	 0 
335	 3347	 1785	 0 	 0 
336	 1786	 1794	 0 	 0 
337	 2499	 3348	 0 	 0 
338	 3231	 2178	 0 	 0 
339	 2178	 2177	 0 	 0 
340	 2177	 2176	 0 	 0 
341	 2176	 2793	 0 	 0 
342	 2793	 3232	 0 	 0 
343	 3232	 3231	 0 	 0 
344	 2129	 1778	 0 	 0 
345	 1777	 2658	 1 	 0 
346	 2659	 3121	 0 	 0 
347	 3121	 2130	 1 	 0 
348	 2130	 2129	 0 	 0 
349	 326	 816	 0 	 0 
350	 1444	 1446	 0 	 0 
351	 1106	 1103	 0 	 0 
352	 1103	 1102	 0 	 0 
353	 1102	 1104	 0 	 0 
354	 1104	 1105	 0 	 0 
355	 2811	 2806	 0 	 0 
356	 2806	 2201	 0 	 0 
357	 3187	 3188	 0 	 0 
358	 2176	 796	 0 	 0 
359	 796	 795	 0 	 0 
360	 795	 2796	 0 	 0 
361	 2796	 2793	 0 	 0 
362	 2486	 378	 0 	 0 
363	 378	 891	 0 	 0 
364	 889	 1110	 0 	 0 
365	 2487	 2486	 0 	 0 
366	 2974	 2973	 0 	 0 
367	 3325	 3323	 0 	 0 
368	 2482	 1776	 0 	 0 
369	 1776	 574	 0 	 0 
370	 574	 1104	 0 	 0 
371	 1102	 1099	 0 	 0 
372	 2481	 2482	 0 	 0 
373	 3193	 3192	 0 	 0 
374	 3192	 3191	 0 	 0 
375	 3191	 3190	 0 	 0 
376	 3194	 3193	 0 	 0 
377	 2476	 2477	 0 	 0 
378	 2480	 2479	 0 	 0 
379	 2479	 2478	 0 	 0 
380	 2478	 2482	 0 	 0 
381	 815	 1107	 0 	 0 
382	 3561	 3334	 0 	 0 
383	 1431	 2178	 0 	 0 
384	 3231	 3458	 0 	 0 
385	 3458	 3457	 0 	 0 
386	 3495	 3324	 0 	 0 
387	 3326	 3497	 0 	 0 
388	 3497	 3495	 0 	 0 
389	 1793	 1103	 0 	 0 
390	 2483	 2981	 0 	 0 
391	 2981	 2980	 0 	 0 
392	 761	 1404	 0 	 0 
393	 1404	 1403	 0 	 0 
394	 2148	 2145	 0 	 0 
395	 1443	 2203	 0 	 0 
396	 1986	 735	 0 	 0 
397	 736	 730	 0 	 0 
398	 1320	 1983	 0 	 0 
399	 1983	 1986	 0 	 0 
400	 2129	 2742	 0 	 0 
401	 3186	 3185	 0 	 0 
402	 378	 379	 0 	 0 
403	 379	 380	 0 	 0 
404	 733	 377	 0 	 0 
405	 1096	 568	 0 	 0 
406	 570	 572	 0 	 0 
407	 572	 573	 0 	 0 
408	 573	 1097	 0 	 0 
409	 2815	 318	 0 	 0 
410	 569	 1775	 0 	 0 
411	 1775	 1773	 0 	 0 
412	 1773	 2817	 0 	 0 
413	 2796	 2795	 0 	 0 
414	 2795	 2794	 0 	 0 
415	 3233	 3232	 0 	 0 
416	 2764	 807	 0 	 0 
417	 807	 806	 0 	 0 
418	 806	 803	 0 	 0 
419	 803	 804	 0 	 0 
420	 2150	 2765	 0 	 0 
421	 2478	 1773	 0 	 0 
422	 1775	 1774	 0 	 0 
423	 1774	 1776	 0 	 0 
424	 2546	 1528	 1 	 0 
425	 1528	 2491	 1 	 0 
426	 2491	 3027	 0 	 0 
427	 3027	 3365	 0 	 0 
428	 2981	 2976	 0 	 0 
429	 2976	 2978	 0 	 0 
430	 2485	 1787	 0 	 0 
431	 1787	 379	 0 	 0 
432	 2486	 2485	 0 	 0 
433	 2204	 1442	 0 	 0 
434	 573	 2206	 0 	 0 
435	 3458	 3460	 0 	 0 
436	 3460	 3459	 0 	 0 
437	 2969	 3319	 0 	 0 
438	 3319	 3318	 0 	 0 
439	 2655	 2667	 0 	 0 
440	 2667	 3120	 0 	 0 
441	 3120	 3121	 0 	 0 
442	 2991	 1526	 1 	 0 
443	 1526	 742	 0 	 0 
444	 742	 1987	 0 	 0 
445	 1987	 1985	 0 	 0 
446	 1985	 2990	 1 	 0 
447	 2990	 2991	 0 	 0 
448	 3551	 3025	 0 	 0 
449	 3025	 3350	 0 	 0 
450	 3549	 3551	 0 	 0 
451	 2816	 1092	 0 	 0 
452	 1092	 1093	 0 	 0 
453	 2473	 2474	 0 	 0 
454	 2474	 2202	 0 	 0 
455	 2202	 2814	 0 	 0 
456	 802	 808	 0 	 0 
457	 808	 807	 0 	 0 
458	 1983	 1982	 0 	 0 
459	 1984	 1985	 0 	 0 
460	 1987	 1986	 0 	 0 
461	 3559	 3494	 0 	 0 
462	 3341	 3488	 0 	 0 
463	 3488	 3489	 0 	 0 
464	 2179	 2180	 0 	 0 
465	 2180	 2183	 0 	 0 
466	 1437	 325	 0 	 0 
467	 814	 813	 0 	 0 
468	 813	 319	 0 	 0 
469	 319	 571	 0 	 0 
470	 571	 1438	 0 	 0 
471	 3460	 3234	 0 	 0 
472	 1408	 1407	 0 	 0 
473	 1407	 791	 0 	 0 
474	 791	 792	 0 	 0 
475	 792	 794	 0 	 0 
476	 794	 793	 0 	 0 
477	 572	 571	 0 	 0 
478	 319	 809	 0 	 0 
479	 809	 808	 0 	 0 
480	 2753	 2631	 0 	 0 
481	 2631	 2144	 0 	 0 
482	 2144	 2241	 0 	 1 
483	 2241	 2240	 0 	 0 
484	 2240	 3238	 0 	 0 
485	 3238	 2753	 0 	 1 
486	 1436	 796	 0 	 0 
487	 2177	 2180	 0 	 0 
488	 3321	 3317	 0 	 0 
489	 3319	 3320	 0 	 0 
490	 3320	 3321	 0 	 0 
491	 2241	 2238	 0 	 0 
492	 2238	 2239	 0 	 0 
493	 2239	 2240	 0 	 0 
494	 734	 179	 0 	 0 
495	 179	 1536	 0 	 0 
496	 1536	 1535	 0 	 0 
497	 2948	 2990	 0 	 0 
498	 1774	 1094	 0 	 0 
499	 1098	 574	 0 	 0 
500	 2491	 2991	 0 	 0 
501	 2950	 3026	 0 	 0 
502	 3026	 3027	 0 	 0 
503	 792	 787	 0 	 0 
504	 787	 3353	 0 	 1 
505	 3557	 794	 0 	 1 
506	 3025	 3026	 0 	 0 
507	 3495	 3496	 0 	 0 
508	 2212	 2209	 0 	 0 
509	 2208	 2210	 0 	 0 
510	 2484	 2976	 0 	 0 
511	 2475	 2474	 0 	 0 
512	 2972	 3313	 0 	 0 
513	 3313	 3311	 0 	 0 
514	 2130	 3118	 1 	 0 
515	 3118	 2748	 0 	 0 
516	 2748	 2749	 0 	 0 
517	 1536	 1534	 0 	 0 
518	 1534	 1531	 0 	 0 
519	 1531	 1533	 0 	 0 
520	 1528	 1529	 0 	 0 
521	 1529	 1527	 0 	 0 
522	 1527	 1526	 0 	 0 
523	 1791	 1790	 0 	 0 
524	 1792	 2497	 0 	 0 
525	 2497	 2493	 0 	 0 
526	 3488	 3487	 0 	 0 
527	 1399	 1395	 0 	 0 
528	 1395	 1396	 0 	 0 
529	 2632	 2631	 0 	 0 
530	 2753	 1399	 1 	 0 
531	 1395	 791	 0 	 0 
532	 1407	 1404	 0 	 0 
533	 2488	 2485	 0 	 0 
534	 2495	 2494	 0 	 0 
535	 2238	 376	 0 	 0 
536	 886	 887	 0 	 0 
537	 1531	 1530	 0 	 0 
538	 1530	 2239	 0 	 0 
539	 1439	 1435	 0 	 0 
540	 1435	 1434	 0 	 0 
541	 1434	 795	 0 	 0 
542	 3193	 2149	 0 	 0 
543	 1410	 2134	 0 	 0 
544	 1413	 3192	 0 	 0 
545	 812	 805	 0 	 0 
546	 805	 809	 0 	 0 
547	 813	 812	 0 	 0 
548	 2657	 2664	 0 	 0 
549	 2668	 2667	 0 	 0 
550	 2141	 2143	 0 	 0 
551	 2143	 2133	 0 	 0 
552	 2133	 3191	 0 	 0 
553	 798	 801	 0 	 0 
554	 803	 810	 0 	 0 
555	 810	 811	 0 	 0 
556	 3321	 3313	 0 	 0 
557	 2144	 2143	 0 	 0 
558	 1534	 1527	 0 	 0 
559	 1529	 1530	 0 	 0 
560	 742	 179	 0 	 0 
561	 1406	 1405	 0 	 0 
562	 2795	 2809	 0 	 0 
563	 2809	 2810	 0 	 0 
564	 1788	 1787	 0 	 0 
565	 2479	 1092	 0 	 0 
566	 2809	 2808	 0 	 0 
567	 2808	 2807	 0 	 0 
568	 2807	 2806	 0 	 0 
569	 2752	 2133	 0 	 0 
570	 2751	 2752	 0 	 0 
571	 2748	 2747	 0 	 0 
572	 2747	 2752	 0 	 0 
573	 3554	 3553	 0 	 0 
574	 3498	 3499	 0 	 0 
575	 2747	 2746	 0 	 0 
576	 3239	 3238	 0 	 0 
577	 3120	 3119	 0 	 0 
578	 3119	 3118	 0 	 0 
579	 3197	 3196	 0 	 0 
580	 1434	 2808	 0 	 0 
581	 1399	 787	 0 	 0 
582	 2202	 2200	 0 	 0 
583	 2807	 2813	 0 	 0 
584	 3335	 3337	 0 	 0 
585	 1435	 2812	 0 	 0 
586	 2496	 2497	 0 	 0 
587	 3500	 3497	 0 	 0 
588	 2670	 3119	 0 	 0 
589	 806	 805	 0 	 0 
590	 812	 810	 0 	 0 
591	 2656	 1348	 0 	 0 
592	 1348	 2001	 0 	 0 
593	 1998	 1319	 0 	 0 
594	 2662	 1445	 0 	 0 
595	 3552	 3493	 0 	 0 
596	 3551	 3552	 0 	 0 
597	 2002	 3320	 1 	 0 
598	 3480	 3484	 0 	 0 
599	 3548	 3552	 0 	 0 
600	 1348	 3312	 1 	 0 
Cells
id	A0	EdgeNumb	EdgeList	Potential	TCJStrength	ThetaAn	AnStrength	CellPressureType
1	1319.884427	6	1,2,3,4,5,6,	ani	100.000000	1.570000	25.000000	quadratic
2	1519.568156	6	7,8,9,10,11,12,	ani	100.000000	1.570000	25.000000	quadratic
3	1727.239797	5	13,14,15,16,17,	ani	100.000000	1.570000	25.000000	quadratic
4	1393.430994	5	18,19,20,21,22,	ani	100.000000	1.570000	25.000000	quadratic
5	1378.860116	6	23,24,25,26,27,28,	ani	100.000000	1.570000	25.000000	quadratic
6	1219.657116	4	29,30,31,32,	ani	100.000000	1.570000	25.000000	quadratic
7	1216.141401	7	33,34,35,36,37,38,39,	ani	100.000000	1.570000	25.000000	quadratic
8	1388.361414	6	40,41,42,43,44,45,	ani	100.000000	1.570000	25.000000	quadratic
9	1047.875399	7	46,47,48,49,50,51,52,	ani	100.000000	1.570000	25.000000	quadratic
10	1295.353607	6	53,54,55,56,57,58,	ani	100.000000	1.570000	25.000000	quadratic
11	1185.995939	5	59,60,61,62,9,	ani	100.000000	1.570000	25.000000	quadratic
12	1603.216810	7	38,63,64,65,66,67,68,	ani	100.000000	1.570000	25.000000	quadratic
13	1477.194663	6	69,70,71,72,73,74,	ani	100.000000	1.570000	25.000000	quadratic
14	1134.680125	7	75,76,77,78,79,80,81,	ani	100.000000	1.570000	25.000000	quadratic
15	1088.406579	7	82,83,36,84,85,86,87,	ani	100.000000	1.570000	25.000000	quadratic
16	1478.501996	6	88,54,89,90,91,92,	ani	100.000000	1.570000	25.000000	quadratic
17	1375.543016	7	93,94,95,96,97,98,99,	ani	100.000000	1.570000	25.000000	quadratic
18	1525.399239	5	100,101,102,103,104,	ani	100.000000	1.570000	25.000000	quadratic
19	1277.814067	5	105,106,107,108,109,	ani	100.000000	1.570000	25.000000	quadratic
20	1188.541729	7	110,111,112,113,114,115,116,	ani	100.000000	1.570000	25.000000	quadratic
21	1185.917069	6	117,118,119,120,121,87,	ani	100.000000	1.570000	25.000000	quadratic
22	929.532301	6	122,123,124,125,126,19,	ani	100.000000	1.570000	25.000000	quadratic
23	1223.825314	4	127,128,129,130,	ani	100.000000	1.570000	25.000000	quadratic
24	1832.293972	7	131,132,133,134,135,136,137,	ani	100.000000	1.570000	25.000000	quadratic
25	1447.094167	5	115,138,139,33,140,	ani	100.000000	1.570000	25.000000	quadratic
26	1528.035998	6	141,142,143,123,144,134,	ani	100.000000	1.570000	25.000000	quadratic
27	1451.710421	6	145,146,147,148,149,150,	ani	100.000000	1.570000	25.000000	quadratic
28	1533.122139	5	151,152,153,154,155,	ani	100.000000	1.570000	25.000000	quadratic
29	1563.865774	5	156,157,158,159,160,	ani	100.000000	1.570000	25.000000	quadratic
30	944.333632	8	57,161,162,163,164,165,166,167,	ani	100.000000	1.570000	25.000000	quadratic
31	1323.700119	7	168,169,170,171,70,172,173,	ani	100.000000	1.570000	25.000000	quadratic
32	1119.231190	6	174,175,176,177,178,179,	ani	100.000000	1.570000	25.000000	quadratic
33	1293.540231	5	180,129,181,182,183,	ani	100.000000	1.570000	25.000000	quadratic
34	1467.988176	6	184,185,186,130,180,187,	ani	100.000000	1.570000	25.000000	quadratic
35	1624.646344	6	188,189,190,162,191,192,	ani	100.000000	1.570000	25.000000	quadratic
36	1579.669253	7	193,194,195,196,197,198,199,	ani	100.000000	1.570000	25.000000	quadratic
37	1567.013477	6	200,201,97,202,203,204,	ani	100.000000	1.570000	25.000000	quadratic
38	1510.144973	6	205,206,207,208,46,209,	ani	100.000000	1.570000	25.000000	quadratic
39	1647.073938	7	210,211,212,213,214,215,216,	ani	100.000000	1.570000	25.000000	quadratic
40	1219.447906	5	217,218,219,220,221,	ani	100.000000	1.570000	25.000000	quadratic
41	1319.643181	5	149,222,223,224,225,	ani	100.000000	1.570000	25.000000	quadratic
42	1567.238939	5	226,227,44,228,170,	ani	100.000000	1.570000	25.000000	quadratic
43	1408.067411	6	229,14,230,55,88,231,	ani	100.000000	1.570000	25.000000	quadratic
44	1467.213900	5	232,27,233,234,235,	ani	100.000000	1.570000	25.000000	quadratic
45	1329.517579	8	79,236,159,237,238,239,189,240,	ani	100.000000	1.570000	25.000000	quadratic
46	1316.865341	6	51,241,242,243,244,245,	ani	100.000000	1.570000	25.000000	quadratic
47	1409.593266	6	246,247,248,249,250,251,	ani	100.000000	1.570000	25.000000	quadratic
48	1725.898833	5	252,253,254,255,256,	ani	100.000000	1.570000	25.000000	quadratic
49	1513.538495	6	257,258,259,125,260,261,	ani	100.000000	1.570000	25.000000	quadratic
50	1605.009979	6	62,262,217,263,264,10,	ani	100.000000	1.570000	25.000000	quadratic
51	1304.328227	6	166,265,1,266,267,268,	ani	100.000000	1.570000	25.000000	quadratic
52	1338.791267	5	269,270,271,272,273,	ani	100.000000	1.570000	25.000000	quadratic
53	1031.305522	6	274,261,275,276,277,278,	ani	100.000000	1.570000	25.000000	quadratic
54	1290.764178	6	279,280,281,282,283,119,	ani	100.000000	1.570000	25.000000	quadratic
55	1375.812043	6	284,285,286,213,287,288,	ani	100.000000	1.570000	25.000000	quadratic
56	1131.103188	6	289,290,291,292,293,179,	ani	100.000000	1.570000	25.000000	quadratic
57	1711.473519	6	294,295,296,297,298,29,	ani	100.000000	1.570000	25.000000	quadratic
58	1269.622739	6	299,300,301,280,302,303,	ani	100.000000	1.570000	25.000000	quadratic
59	1593.008465	6	304,305,306,307,48,308,	ani	100.000000	1.570000	25.000000	quadratic
60	1340.523056	6	111,309,59,8,310,311,	ani	100.000000	1.570000	25.000000	quadratic
61	1482.327686	7	312,313,314,315,316,317,21,	ani	100.000000	1.570000	25.000000	quadratic
62	1552.960222	7	136,318,22,317,319,320,321,	ani	100.000000	1.570000	25.000000	quadratic
63	1200.365609	5	103,322,93,323,324,	ani	100.000000	1.570000	25.000000	quadratic
64	1473.063480	8	267,325,326,327,328,305,329,330,	ani	100.000000	1.570000	25.000000	quadratic
65	1199.900661	6	331,332,333,334,117,86,	ani	100.000000	1.570000	25.000000	quadratic
66	1126.703669	6	335,271,336,3,337,164,	ani	100.000000	1.570000	25.000000	quadratic
67	1652.641894	6	338,339,340,341,342,343,	ani	100.000000	1.570000	25.000000	quadratic
68	1358.744900	7	344,211,345,109,346,347,348,	ani	100.000000	1.570000	25.000000	quadratic
69	1416.695041	6	120,283,349,141,133,350,	ani	100.000000	1.570000	25.000000	quadratic
70	1501.735057	5	351,352,353,354,258,	ani	100.000000	1.570000	25.000000	quadratic
71	1241.696074	6	172,69,355,356,284,357,	ani	100.000000	1.570000	25.000000	quadratic
72	1498.977873	5	341,358,359,360,361,	ani	100.000000	1.570000	25.000000	quadratic
73	1327.295186	7	362,363,127,186,364,253,365,	ani	100.000000	1.570000	25.000000	quadratic
74	1559.865347	5	323,99,366,75,367,	ani	100.000000	1.570000	25.000000	quadratic
75	1279.525929	7	368,369,370,353,371,269,372,	ani	100.000000	1.570000	25.000000	quadratic
76	1626.528105	6	373,374,375,112,311,376,	ani	100.000000	1.570000	25.000000	quadratic
77	1809.725186	7	273,377,238,378,379,380,372,	ani	100.000000	1.570000	25.000000	quadratic
78	1604.667761	5	260,124,143,381,275,	ani	100.000000	1.570000	25.000000	quadratic
79	1316.265864	8	294,32,382,206,383,338,384,385,	ani	100.000000	1.570000	25.000000	quadratic
80	1328.933956	7	386,104,324,367,81,387,388,	ani	100.000000	1.570000	25.000000	quadratic
81	1202.757417	7	5,389,351,257,274,390,391,	ani	100.000000	1.570000	25.000000	quadratic
82	1345.722807	6	228,43,392,393,71,171,	ani	100.000000	1.570000	25.000000	quadratic
83	875.020243	6	262,61,394,66,395,218,	ani	100.000000	1.570000	25.000000	quadratic
84	1027.647451	6	336,270,371,352,389,4,	ani	100.000000	1.570000	25.000000	quadratic
85	1332.979629	6	396,303,397,333,398,399,	ani	100.000000	1.570000	25.000000	quadratic
86	1116.420867	6	287,212,344,400,168,401,	ani	100.000000	1.570000	25.000000	quadratic
87	1585.267922	8	363,402,403,281,301,404,181,128,	ani	100.000000	1.570000	25.000000	quadratic
88	1650.494445	6	405,175,406,407,408,315,	ani	100.000000	1.570000	25.000000	quadratic
89	1622.608829	6	409,177,410,411,412,250,	ani	100.000000	1.570000	25.000000	quadratic
90	973.013224	6	342,361,413,414,151,415,	ani	100.000000	1.570000	25.000000	quadratic
91	1413.375191	7	416,417,418,419,193,420,12,	ani	100.000000	1.570000	25.000000	quadratic
92	1445.912525	6	421,411,422,423,368,380,	ani	100.000000	1.570000	25.000000	quadratic
93	1327.752164	6	148,424,425,426,427,222,	ani	100.000000	1.570000	25.000000	quadratic
94	1543.990821	6	428,429,325,266,6,391,	ani	100.000000	1.570000	25.000000	quadratic
95	1330.818402	5	430,431,402,362,432,	ani	100.000000	1.570000	25.000000	quadratic
96	1353.758801	6	433,319,316,408,434,220,	ani	100.000000	1.570000	25.000000	quadratic
97	1249.451541	4	295,385,435,436,	ani	100.000000	1.570000	25.000000	quadratic
98	1499.738400	6	76,366,98,201,437,438,	ani	100.000000	1.570000	25.000000	quadratic
99	1452.335412	5	346,108,439,440,441,	ani	100.000000	1.570000	25.000000	quadratic
100	990.755977	6	442,443,444,445,446,447,	ani	100.000000	1.570000	25.000000	quadratic
101	1526.012127	5	448,449,15,229,450,	ani	100.000000	1.570000	25.000000	quadratic
102	1213.700861	7	451,452,157,453,454,455,246,	ani	100.000000	1.570000	25.000000	quadratic
103	1382.603531	5	264,456,457,416,11,	ani	100.000000	1.570000	25.000000	quadratic
104	1299.257458	6	399,458,95,459,445,460,	ani	100.000000	1.570000	25.000000	quadratic
105	1714.399838	4	337,2,265,165,	ani	100.000000	1.570000	25.000000	quadratic
106	1591.743404	7	461,90,462,463,207,382,31,	ani	100.000000	1.570000	25.000000	quadratic
107	1491.243675	5	52,245,464,465,209,	ani	100.000000	1.570000	25.000000	quadratic
108	1050.269823	7	466,243,467,468,469,470,292,	ani	100.000000	1.570000	25.000000	quadratic
109	1377.596497	9	471,154,472,473,474,475,476,296,436,	ani	100.000000	1.570000	25.000000	quadratic
110	1206.850896	9	434,407,477,469,478,479,456,263,221,	ani	100.000000	1.570000	25.000000	quadratic
111	1477.365817	6	480,481,482,483,484,485,	ani	100.000000	1.570000	25.000000	quadratic
112	1535.761896	8	244,466,291,486,358,340,487,464,	ani	100.000000	1.570000	25.000000	quadratic
113	1526.789102	5	470,477,406,174,293,	ani	100.000000	1.570000	25.000000	quadratic
114	1280.415399	5	488,77,438,489,490,	ani	100.000000	1.570000	25.000000	quadratic
115	1426.828255	4	491,492,493,483,	ani	100.000000	1.570000	25.000000	quadratic
116	1174.905483	6	182,404,300,494,495,496,	ani	100.000000	1.570000	25.000000	quadratic
117	1440.633595	6	459,94,322,102,497,446,	ani	100.000000	1.570000	25.000000	quadratic
118	1373.147313	5	498,313,499,369,423,	ani	100.000000	1.570000	25.000000	quadratic
119	1141.908291	7	426,500,447,497,101,501,502,	ani	100.000000	1.570000	25.000000	quadratic
120	1482.158260	5	475,503,504,145,505,	ani	100.000000	1.570000	25.000000	quadratic
121	1006.461576	7	16,449,506,501,100,386,507,	ani	100.000000	1.570000	25.000000	quadratic
122	1410.593509	5	508,64,509,137,321,	ani	100.000000	1.570000	25.000000	quadratic
123	1502.302278	4	390,278,510,428,	ani	100.000000	1.570000	25.000000	quadratic
124	1237.494050	6	215,511,453,156,512,513,	ani	100.000000	1.570000	25.000000	quadratic
125	1374.011731	7	400,348,514,515,516,226,169,	ani	100.000000	1.570000	25.000000	quadratic
126	1882.024211	6	517,518,519,187,183,496,	ani	100.000000	1.570000	25.000000	quadratic
127	860.270887	6	425,520,521,522,442,500,	ani	100.000000	1.570000	25.000000	quadratic
128	1523.625749	5	255,523,235,524,525,	ani	100.000000	1.570000	25.000000	quadratic
129	1428.104825	5	526,308,47,208,463,	ani	100.000000	1.570000	25.000000	quadratic
130	1371.477508	6	527,528,41,529,480,530,	ani	100.000000	1.570000	25.000000	quadratic
131	1215.350639	6	392,42,528,531,473,532,	ani	100.000000	1.570000	25.000000	quadratic
132	1493.238944	6	327,533,432,365,252,534,	ani	100.000000	1.570000	25.000000	quadratic
133	1485.497666	8	535,23,536,184,519,537,538,492,	ani	100.000000	1.570000	25.000000	quadratic
134	1386.130395	6	539,540,541,359,486,290,	ani	100.000000	1.570000	25.000000	quadratic
135	1697.725487	7	542,198,543,233,26,544,373,	ani	100.000000	1.570000	25.000000	quadratic
136	1268.384007	5	545,546,478,468,547,	ani	100.000000	1.570000	25.000000	quadratic
137	1524.423257	6	439,107,548,84,35,549,	ani	100.000000	1.570000	25.000000	quadratic
138	1302.324869	6	544,25,550,551,552,374,	ani	100.000000	1.570000	25.000000	quadratic
139	1926.264094	7	241,50,553,194,419,554,555,	ani	100.000000	1.570000	25.000000	quadratic
140	1767.684346	6	556,512,160,236,78,488,	ani	100.000000	1.570000	25.000000	quadratic
141	1533.591511	6	557,550,24,535,491,482,	ani	100.000000	1.570000	25.000000	quadratic
142	1329.004906	5	558,521,559,537,518,	ani	100.000000	1.570000	25.000000	quadratic
143	1517.153781	6	444,560,494,299,396,460,	ani	100.000000	1.570000	25.000000	quadratic
144	1543.452673	4	288,401,173,357,	ani	100.000000	1.570000	25.000000	quadratic
145	1500.452801	5	487,339,383,205,465,	ani	100.000000	1.570000	25.000000	quadratic
146	1533.004296	6	73,561,152,414,562,563,	ani	100.000000	1.570000	25.000000	quadratic
147	1900.859740	7	510,277,564,430,533,326,429,	ani	100.000000	1.570000	25.000000	quadratic
148	1659.602241	6	412,421,379,565,451,251,	ani	100.000000	1.570000	25.000000	quadratic
149	1490.564887	6	563,566,567,568,355,74,	ani	100.000000	1.570000	25.000000	quadratic
150	1414.488896	6	153,561,72,393,532,472,	ani	100.000000	1.570000	25.000000	quadratic
151	1652.393589	7	569,551,557,481,529,40,570,	ani	100.000000	1.570000	25.000000	quadratic
152	1425.496661	6	45,227,516,571,572,570,	ani	100.000000	1.570000	25.000000	quadratic
153	1146.433583	6	310,7,420,199,542,376,	ani	100.000000	1.570000	25.000000	quadratic
154	1602.212455	6	225,573,297,476,505,150,	ani	100.000000	1.570000	25.000000	quadratic
155	1554.551976	6	191,161,56,230,13,574,	ani	100.000000	1.570000	25.000000	quadratic
156	1403.675154	5	318,135,144,122,18,	ani	100.000000	1.570000	25.000000	quadratic
157	1260.637717	6	552,569,572,575,113,375,	ani	100.000000	1.570000	25.000000	quadratic
158	1257.317339	8	484,493,538,559,520,424,147,576,	ani	100.000000	1.570000	25.000000	quadratic
159	1614.527852	5	441,577,578,514,347,	ani	100.000000	1.570000	25.000000	quadratic
160	1520.295219	5	68,579,116,140,39,	ani	100.000000	1.570000	25.000000	quadratic
161	1515.236261	6	562,413,360,541,580,566,	ani	100.000000	1.570000	25.000000	quadratic
162	1522.134127	6	320,433,219,395,65,508,	ani	100.000000	1.570000	25.000000	quadratic
163	1427.610521	7	254,364,185,536,28,232,523,	ani	100.000000	1.570000	25.000000	quadratic
164	1378.011405	6	495,560,443,522,558,517,	ani	100.000000	1.570000	25.000000	quadratic
165	1704.936293	5	581,503,474,531,527,	ani	100.000000	1.570000	25.000000	quadratic
166	1538.755590	5	334,397,302,279,118,	ani	100.000000	1.570000	25.000000	quadratic
167	1398.734955	7	455,582,285,356,568,583,247,	ani	100.000000	1.570000	25.000000	quadratic
168	1438.932993	5	553,49,307,584,195,	ani	100.000000	1.570000	25.000000	quadratic
169	1248.370661	6	410,176,405,314,498,422,	ani	100.000000	1.570000	25.000000	quadratic
170	1357.360567	7	126,259,354,370,499,312,20,	ani	100.000000	1.570000	25.000000	quadratic
171	1209.268820	6	384,343,415,155,471,435,	ani	100.000000	1.570000	25.000000	quadratic
172	1025.831622	6	583,567,580,540,585,248,	ani	100.000000	1.570000	25.000000	quadratic
173	1329.200507	5	543,197,586,524,234,	ani	100.000000	1.570000	25.000000	quadratic
174	1311.410336	6	585,539,289,178,409,249,	ani	100.000000	1.570000	25.000000	quadratic
175	1371.270126	5	387,80,240,188,587,	ani	100.000000	1.570000	25.000000	quadratic
176	1369.080163	6	440,549,34,139,588,577,	ani	100.000000	1.570000	25.000000	quadratic
177	1820.756192	5	554,418,589,545,590,	ani	100.000000	1.570000	25.000000	quadratic
178	1601.322460	8	548,106,591,592,203,593,331,85,	ani	100.000000	1.570000	25.000000	quadratic
179	1384.878691	6	96,458,398,332,593,202,	ani	100.000000	1.570000	25.000000	quadratic
180	1506.095701	6	581,530,485,576,146,504,	ani	100.000000	1.570000	25.000000	quadratic
181	1301.851468	8	276,381,142,349,282,403,431,564,	ani	100.000000	1.570000	25.000000	quadratic
182	1359.159003	7	588,138,114,575,571,515,578,	ani	100.000000	1.570000	25.000000	quadratic
183	1528.595003	6	190,239,377,272,335,163,	ani	100.000000	1.570000	25.000000	quadratic
184	1816.432281	6	594,131,509,63,37,83,	ani	100.000000	1.570000	25.000000	quadratic
185	1197.375310	7	595,223,427,502,506,448,596,	ani	100.000000	1.570000	25.000000	quadratic
186	1406.608815	4	437,200,597,489,	ani	100.000000	1.570000	25.000000	quadratic
187	1182.959993	5	546,589,417,457,479,	ani	100.000000	1.570000	25.000000	quadratic
188	1212.263390	7	462,89,53,598,329,304,526,	ani	100.000000	1.570000	25.000000	quadratic
189	1275.494338	5	242,555,590,547,467,	ani	100.000000	1.570000	25.000000	quadratic
190	1471.229179	5	214,286,582,454,511,	ani	100.000000	1.570000	25.000000	quadratic
191	1159.767683	5	450,231,92,599,596,	ani	100.000000	1.570000	25.000000	quadratic
192	1473.531094	6	67,394,60,309,110,579,	ani	100.000000	1.570000	25.000000	quadratic
193	1228.705570	5	598,58,167,268,330,	ani	100.000000	1.570000	25.000000	quadratic
194	1219.255561	8	298,573,224,595,599,91,461,30,	ani	100.000000	1.570000	25.000000	quadratic
195	1452.783999	5	121,350,132,594,82,	ani	100.000000	1.570000	25.000000	quadratic
196	1492.743064	8	597,204,592,600,216,513,556,490,	ani	100.000000	1.570000	25.000000	quadratic
197	1585.574041	8	306,328,534,256,525,586,196,584,	ani	100.000000	1.570000	25.000000	quadratic
198	1201.126754	6	574,17,507,388,587,192,	ani	100.000000	1.570000	25.000000	quadratic
199	1301.449964	5	237,158,452,565,378,	ani	100.000000	1.570000	25.000000	quadratic
200	1002.669400	5	591,105,345,210,600,	ani	100.000000	1.570000	25.000000	quadratic
End
