INTEGRATORNAME	RK4_Adaptive
CURRENTTIME	10.1
Global:
LX	371.788
LY	373.109
A0	2812.5
SEED	89542
TIMEINTERVAL	0.1
MINAREA	28.125
MINLENGTH	0.883883
NEWEDGELENGTH	1.76777
K	0.848528
GAMMA	1
TOTALTIME	10
VERBOSEON	1
INITIALSTEPSIZE	0.0001
error_tolerance_absolute_mechanical	0.01
TISSUE_ALPHA	100
ALPHAM	0.282843
TISSUE_EXT_STRESS_X	0
TISSUE_EXT_STRESS_Y	-0.05453
equilibriumtolerance	1e-11
NUCLEATIONTHRESHOLD	1
NUCLEATIONBASECRITERIA	0
PuLLINGDIR_X	0
PuLLINGDIR_Y	1
C4	0
NUMBER_OF_CELLS	50
EpsilonMax	0.6
KAPPA	0.23
GAMMA0	10
Y	5.66
ExternalStressRatio	0.85
endGlobal
Vertices
id	x	y	Anglestheta1	Anglestheta2	Anglestheta3	PsiAngle1	PsiAngle2	PsiAngle3	Nucleation1	Nucleation2	Nucleation3
49	18.7702	28.2854	2.3046	1.80093	2.17765	1.43923	0.350402	0.801899	1	1	1
65	30.6516	64.1473	2.17928	1.94503	2.15888	0.801087	1.26107	0.171427	1	1	1
71	209.923	351.459	2.02619	2.15008	2.10691	0.418887	1.47234	0.656153	1	1	1
72	82.5099	305.417	2.04769	1.94693	2.28856	0.698349	1.29896	0.275115	1	1	1
73	145.319	326.615	1.95108	2.30818	2.02393	1.30104	0.289069	0.686469	1	1	1
78	61.3282	348.087	2.23718	1.7056	2.3404	0.941686	1.02971	0.0888846	1	1	1
172	24.6386	210.864	2.23452	1.86651	2.18216	0.607538	1.44297	0.325716	1	1	1
173	20.2198	182.398	2.05302	2.14064	2.08953	1.39124	0.346477	0.680033	1	1	1
189	13.2164	283.092	1.89898	2.20994	2.17426	1.18514	0.86932	0.0801714	1	1	1
192	80.7637	293.972	1.91978	2.144	2.21941	1.4571	0.347398	0.612491	1	1	1
193	46.1464	275.186	1.94931	2.40873	1.92515	0.477439	1.44001	0.726925	1	1	1
194	102.758	253.85	1.70746	2.25652	2.3192	1.48775	0.328147	0.525583	1	1	1
195	104.912	272.595	1.90393	2.19824	2.18101	0.733217	1.31787	0.365905	1	1	1
196	51.994	226.155	2.29836	2.02302	1.96181	1.4827	0.677991	0.471186	1	1	1
197	60.8983	223.07	1.74204	2.17406	2.36709	0.237002	1.42055	0.850028	1	1	1
204	146.921	339.103	2.29502	1.88024	2.10793	0.550924	1.53671	0.389194	1	1	1
205	121.69	358.878	2.29992	2.16103	1.82224	1.32686	0.415746	0.734213	1	1	1
465	143.947	30.528	2.22463	1.96787	2.09069	1.4458	0.65045	0.461864	1	1	1
466	140.536	84.0935	1.91346	2.29975	2.06998	0.550478	1.55613	0.599396	1	1	1
577	338.905	355.749	1.97541	2.31156	1.99621	0.542301	1.54041	0.613478	1	1	1
578	277.363	343.505	2.16272	2.03026	2.09021	0.484278	1.52938	0.530851	1	1	1
579	311.619	366.794	2.15989	2.17958	1.94372	1.46457	0.70516	0.374783	1	1	1
580	5.67855	300.749	2.12389	1.88466	2.27464	0.105355	1.24267	0.836973	1	1	1
581	340.684	312.141	2.31452	1.91193	2.05673	1.45761	0.65562	0.501642	1	1	1
582	322.359	301.484	2.17571	2.14326	1.96422	0.561131	1.54324	0.510497	1	1	1
583	154.713	283.666	1.86372	2.30508	2.11439	1.15061	0.0934164	0.838445	1	1	1
584	162.419	306.549	1.94111	2.23111	2.11097	0.925084	1.16102	0.190468	1	1	1
627	161.988	93.3219	2.0038	1.99272	2.28667	1.40815	0.264815	0.737084	1	1	1
628	172.911	127.465	2.03499	2.05846	2.18974	0.862925	1.1838	0.166304	1	1	1
629	202.675	132.102	2.12787	2.03771	2.11761	1.21851	0.159701	0.904235	1	1	1
630	85.094	37.1957	1.98696	2.13961	2.15661	1.46374	0.599551	0.39393	1	1	1
631	124.052	17.3941	2.22881	2.08786	1.96652	0.530925	1.51418	0.513003	1	1	1
634	50.4015	8.88936	1.94346	1.90716	2.43257	0.287355	1.50364	0.666223	1	1	1
635	130.793	88.628	2.06852	2.56351	1.65116	1.46985	0.846162	0.188097	1	1	1
636	58.6595	72.4611	2.20264	2.02927	2.05127	1.38987	0.36424	0.737082	1	1	1
637	83.4737	53.5816	2.10972	1.85371	2.31975	0.417375	1.56434	0.509481	1	1	1
641	363.981	367.721	1.98098	2.09391	2.20829	1.4359	0.33175	0.65874	1	1	1
732	213.042	329.132	1.85767	2.05557	2.36995	1.2748	0.681824	0.24701	1	1	1
733	197.654	308.152	2.10983	1.92426	2.2491	1.10038	0.0241676	1.07908	1	1	1
754	320.632	279.447	1.8592	2.29552	2.12846	1.40907	0.344843	0.584757	1	1	1
755	140.199	152.039	2.46054	2.11031	1.71234	1.23802	1.0474	0.18287	1	1	1
756	154.612	151.927	1.98198	2.08042	2.22078	0.0624232	1.04797	1.10264	1	1	1
759	131.291	224.464	2.08849	2.27162	1.92307	0.974387	1.20567	0.161422	1	1	1
760	217.701	168.425	2.15212	2.11077	2.0203	0.88698	1.24446	0.168405	1	1	1
761	114.574	131.599	2.36482	1.86479	2.05358	0.509109	1.5359	0.423284	1	1	1
762	112.854	117.424	1.91248	2.46375	1.90695	1.17167	0.218199	0.738043	1	1	1
763	65.3776	107.035	1.97815	2.14348	2.16156	0.773643	1.28717	0.298095	1	1	1
764	67.0441	164.362	2.24488	1.86343	2.17487	1.41565	0.328208	0.794232	1	1	1
801	218.653	113.575	2	2.15267	2.13052	0.870224	1.20611	0.20611	1	1	1
804	255.794	118.423	2.01409	2.20339	2.06571	1.13682	0.103962	0.903081	1	1	1
805	272.707	92.2129	1.8991	2.29382	2.09026	1.09951	0.99695	0.0474002	1	1	1
806	300.282	88.0465	1.97667	2.27854	2.02798	0.275244	1.28923	0.864028	1	1	1
812	239.623	172.62	2.10211	2.01558	2.16549	1.24013	0.157388	0.893669	1	1	1
813	265.321	143.344	2.20772	2.01941	2.05606	0.832077	1.28149	0.177627	1	1	1
815	175.033	187.811	2.25787	1.98009	2.04523	0.959248	1.15973	0.0307962	1	1	1
816	197.021	191.578	2.13017	2.19749	1.95553	1.23477	0.257	0.808082	1	1	1
817	150.208	225.788	2.07991	2.01113	2.19214	1.10982	0.0137435	1.02621	1	1	1
818	169.554	257.237	1.75571	2.44904	2.07843	1.24443	0.857948	0.0199081	1	1	1
819	208.128	242.428	2.17584	2.38503	1.72232	0.697929	1.55909	0.494585	1	1	1
836	198.48	60.5635	2.31149	2.15734	1.81435	0.903036	1.33138	0.175634	1	1	1
837	202.617	61.6319	2.16253	1.99772	2.12293	1.33398	0.27251	0.808755	1	1	1
838	176.543	19.2359	2.46175	1.7253	2.09614	0.148064	1.19613	0.714584	1	1	1
839	182.227	363.081	2.1477	2.15996	1.97553	1.47115	0.682675	0.391176	1	1	1
841	234.222	367.878	2.03313	1.99369	2.25637	1.53082	0.482589	0.533976	1	1	1
843	305.462	20.6928	2.19014	2.08294	2.0101	0.251573	1.25662	0.789899	1	1	1
844	317.397	34.1015	2.34946	1.82665	2.10708	1.12336	0.964692	0.210039	1	1	1
850	369.311	22.016	2.04981	2.15865	2.07473	0.737979	1.36625	0.341344	1	1	1
851	352.675	35.9153	2.39421	2.19786	1.69112	1.24847	0.40291	0.794192	1	1	1
852	316.374	131.313	1.93736	2.06544	2.28038	0.611795	1.38961	0.420927	1	1	1
853	316.088	101.718	1.92016	2.06946	2.29356	1.46842	0.526386	0.433693	1	1	1
854	355.091	145.749	1.88916	2.19837	2.19565	1.30147	0.203641	0.74094	1	1	1
856	355.696	79.6487	2.16465	2.10835	2.01018	0.557426	1.56252	0.496748	1	1	1
865	362.009	170.944	2.2035	2.08579	1.9939	0.737019	1.40762	0.305874	1	1	1
866	338.297	190.557	2.02327	2.3428	1.91712	1.43888	0.480322	0.531312	1	1	1
867	336.127	217.317	2.46	1.93531	1.88787	0.259871	1.20381	0.707786	1	1	1
868	354.595	244.273	2.28395	2.22619	1.77305	1.02949	1.22558	0.0836055	1	1	1
869	360.909	244.986	2.26374	1.77233	2.24712	1.24436	0.120797	1.01107	1	1	1
870	254.768	207.887	2.05168	2.19718	2.03433	0.950577	1.17385	0.148012	1	1	1
871	282.918	259.837	1.92504	2.1128	2.24534	0.483046	1.53588	0.573356	1	1	1
872	286.776	229.193	1.9387	1.93218	2.41231	1.2055	0.729938	0.23941	1	1	1
873	273.023	209.264	2.09773	1.93535	2.25011	1.12413	0.000926681	1.04979	1	1	1
874	256.064	276.276	2.25993	2.05395	1.9693	1.46231	0.477662	0.652305	1	1	1
875	225.682	265.79	2.15296	1.82295	2.30727	0.744137	1.24382	0.167338	1	1	1
876	221.079	247.751	1.88245	2.19013	2.21061	1.33122	0.22591	0.715313	1	1	1
877	212.447	52.8994	1.47675	2.11539	2.69104	0.438525	1.35755	0.61917	1	1	1
878	234.653	372.579	2.19913	1.42772	2.65633	0.562595	1.25083	0.151264	1	1	1
879	259.939	67.5825	1.71836	2.21591	2.34891	1.15903	0.0154232	0.874605	1	1	1
880	279.743	26.3132	2.38947	2.23336	1.66035	1.40989	0.901532	0.293204	1	1	1
882	29.8438	335.016	2.27309	2.33829	1.6718	1.04845	1.25724	0.120693	1	1	1
883	55.5758	337.289	2.18433	1.95048	2.14837	1.18026	0.106074	0.986092	1	1	1
885	298.375	172.381	2.21879	1.74575	2.31865	0.682149	1.30012	0.190724	1	1	1
886	293.629	151.233	2.15055	2.06931	2.06333	1.34706	0.315392	0.759881	1	1	1
888	76.1104	192.58	1.89045	2.0248	2.36794	0.936446	1.02118	0.0759519	1	1	1
889	116.143	192.931	2.09377	2.162	2.02741	1.05566	0.0419595	1.00493	1	1	1
891	47.3514	158.416	1.98908	2.12455	2.16956	0.701336	1.35548	0.360937	1	1	1
892	43.6127	128.682	1.88114	2.2284	2.17364	1.41834	0.331516	0.609056	1	1	1
894	277.462	324.381	2.12036	2.04757	2.11526	1.53179	0.552173	0.508005	1	1	1
895	258.481	312.754	2.18658	2.24601	1.8506	0.543665	1.46896	0.579339	1	1	1
897	7.76677	93.4652	1.70868	2.32163	2.25287	1.37924	0.252804	0.601536	1	1	1
898	10.6426	111.611	2.20574	1.76828	2.30916	0.625104	1.36191	0.259038	1	1	1
Edges
id	vertex1	vertex2	xflag	yflag	tension	length	restlength	_cell1	_cell2
1	762	635	0	0	3.37435	33.9265	21.2549	1	28
2	635	466	0	0	3.39332	10.7467	6.71868	1	44
3	466	627	0	0	3.30812	23.353	14.7387	1	29
4	627	628	0	0	2.89383	35.8473	23.7199	1	21
5	628	756	0	0	2.89999	30.5495	20.1998	1	9
6	756	755	0	0	3.39473	14.4133	9.00958	1	36
7	755	761	0	0	3.18878	32.7788	20.9665	1	16
8	761	762	0	0	2.93591	14.2791	9.40211	1	6
9	812	760	0	0	3.39458	22.3195	13.9519	2	11
10	760	629	0	0	3.216	39.3086	25.0661	2	9
11	629	801	0	0	3.25272	24.4646	15.5362	2	21
12	801	804	0	0	3.34455	37.4564	23.544	2	38
13	804	813	0	0	3.22092	26.6803	17.0039	2	33
14	813	812	0	0	3.16068	38.9551	24.9965	2	41
15	759	194	0	0	3.21814	40.959	26.1122	3	42
16	194	197	0	0	3.06893	51.9579	33.6905	3	27
17	197	888	0	0	3.32562	34.0747	21.4635	3	14
18	889	759	0	0	3.13565	34.9825	22.5112	3	36
19	875	733	0	0	3.38697	50.7949	31.7785	4	25
20	733	584	0	0	2.96427	35.2712	23.148	4	46
21	584	583	0	0	3.2987	24.1459	15.2551	4	10
22	583	818	0	0	3.3955	30.3106	18.9452	4	42
23	818	819	0	0	3.34951	41.3193	25.9578	4	43
24	819	876	0	0	3.31558	14.0022	8.82976	4	11
25	876	875	0	0	3.39405	18.6167	11.6379	4	12
26	880	843	0	0	3.38603	26.3261	16.4719	5	45
27	843	844	0	0	3.223	17.9508	11.4377	5	20
28	844	806	0	0	3.38291	56.5948	35.423	5	7
29	806	805	0	0	3.16918	27.8874	17.8774	5	33
30	805	879	0	0	3.26961	27.7433	17.585	5	38
31	879	880	0	0	3.35492	45.775	28.7398	5	23
32	892	763	0	0	2.97893	30.697	20.1119	6	37
33	763	762	0	0	3.18909	48.6002	31.0854	6	28
34	761	764	0	0	3.38399	57.7274	36.1275	6	16
35	764	891	0	0	3.11384	20.5706	13.2701	6	14
36	853	806	0	0	3.3942	20.8982	13.064	7	33
37	844	851	0	0	3.19042	35.3252	22.5911	7	20
38	851	856	0	0	3.25511	43.8376	27.8315	7	17
39	856	853	0	0	3.06918	45.3409	29.399	7	48
40	641	577	0	0	3.39365	27.7875	17.3717	8	20
41	577	581	0	0	3.17551	43.6445	27.9585	8	15
42	581	580	1	0	3.39149	38.5058	24.0781	8	18
43	580	882	0	0	3.02411	41.9312	27.3293	8	49
45	882	641	1	0	3.07892	49.8712	32.3004	8	50
46	815	756	0	0	3.38373	41.2874	25.8396	9	36
47	628	629	0	0	3.39177	30.1234	18.8359	9	21
48	760	816	0	0	3.11559	31.0438	20.0223	9	11
49	816	815	0	0	3.39008	22.3081	13.9517	9	43
50	584	73	0	0	3.37202	26.3646	16.5216	10	46
51	73	72	0	0	3.09118	66.2894	42.874	10	34
52	72	192	0	0	3.392	11.5778	7.23929	10	49
53	192	195	0	0	3.39439	32.2509	20.1604	10	27
54	195	583	0	0	3.05871	51.0166	33.1189	10	42
55	819	816	0	0	3.29898	52.0486	32.8827	11	43
56	812	870	0	0	3.28592	38.3812	24.2834	11	41
57	870	876	0	0	3.15643	52.1925	33.5067	11	12
58	870	873	0	0	3.10396	18.3066	11.8229	12	41
59	873	872	0	0	3.39031	24.2142	15.1434	12	19
60	872	871	0	0	3.27982	30.8861	19.5547	12	32
61	871	874	0	0	3.18704	31.486	20.1436	12	22
62	874	875	0	0	3.30928	32.1413	20.2825	12	25
63	636	65	0	0	2.92283	29.2157	19.2665	13	37
64	65	49	0	0	3.24902	37.7789	24.0013	13	17
65	49	634	0	0	2.98621	37.1046	24.2895	13	50
66	634	630	0	0	3.27952	44.7752	28.3491	13	40
67	630	637	0	0	3.29497	16.4658	10.4072	13	44
68	637	636	0	0	3.38741	31.1798	19.5059	13	28
69	764	888	0	0	2.9572	29.639	19.4677	14	16
71	197	196	0	0	3.21564	9.42358	6.00943	14	27
72	196	172	0	0	3.38781	31.3392	19.6047	14	39
73	172	173	0	0	3.1788	28.8074	18.4471	14	30
74	173	891	0	0	3.29411	36.211	22.8894	14	26
76	894	582	0	0	3.29225	50.3985	31.8641	15	22
77	582	581	0	0	3.39273	21.199	13.2542	15	18
78	577	579	0	0	3.23782	29.4362	18.7247	15	20
79	579	578	0	0	3.39539	41.423	25.8911	15	45
80	578	894	0	0	3.16378	19.1238	12.267	15	47
82	755	889	0	0	3.26267	47.4432	30.0951	16	36
83	851	850	0	0	3.39526	21.6781	13.55	17	20
84	850	49	1	0	3.38983	22.1528	13.855	17	50
85	65	897	0	0	2.7148	37.1922	25.1359	17	37
87	897	856	1	0	2.52993	27.5709	19.054	17	48
88	869	189	1	0	3.23057	45.0852	28.7025	18	39
89	189	580	0	0	3.112	19.1982	12.3874	18	49
90	582	754	0	0	3.11161	22.1051	14.2636	18	22
91	754	868	0	0	3.15878	48.8942	31.3809	18	32
92	868	869	0	0	3.25778	6.35499	4.03343	18	30
93	873	885	0	0	3.24311	44.756	28.4529	19	41
95	885	866	0	0	3.02498	43.8655	28.5872	19	24
96	866	867	0	0	3.38591	26.848	16.7987	19	30
97	867	872	0	0	3.11577	50.76	32.738	19	32
98	843	579	0	1	2.99746	27.7008	18.11	20	45
99	641	850	0	1	2.82346	27.9179	18.6263	20	50
100	837	801	0	0	3.24904	54.3622	34.5369	21	38
101	627	836	0	0	3.3916	49.0381	30.6637	21	29
102	836	837	0	0	3.20169	4.27327	2.72936	21	35
103	871	754	0	0	3.33821	42.5073	26.7377	22	32
104	895	874	0	0	3.24005	36.5573	23.2487	22	25
105	879	877	0	0	3.32919	49.7095	31.2994	23	38
106	877	878	0	1	3.39203	57.8597	36.1782	23	35
107	878	880	0	1	3.31776	52.475	33.0827	23	45
108	886	852	0	0	3.24209	30.2347	19.2234	24	33
109	852	854	0	0	2.91909	41.3206	27.261	24	48
110	854	865	0	0	3.3943	26.1273	16.3326	24	26
111	865	866	0	0	2.95114	30.7724	20.2263	24	30
112	895	732	0	0	3.14196	48.3006	31.0591	25	47
113	732	733	0	0	3.39492	26.0185	16.2635	25	46
114	854	898	1	0	2.77962	43.736	29.3314	26	48
115	898	892	0	0	2.55771	37.1275	25.5718	26	37
116	173	865	1	0	3.24078	32.1107	20.4192	26	30
117	194	195	0	0	3.38112	18.8687	11.8124	27	42
118	192	193	0	0	3.23822	39.3864	25.053	27	49
119	193	196	0	0	3.08646	49.3776	31.9532	27	39
120	763	636	0	0	3.00955	35.2205	22.9941	28	37
121	637	635	0	0	2.88439	58.8842	39.0062	28	44
122	466	465	0	0	3.31829	53.6739	33.8366	29	44
123	465	838	0	0	3.23341	34.4967	21.9546	29	31
124	838	836	0	0	3.28051	46.7888	29.6208	29	35
125	172	869	1	0	3.15565	49.2521	31.6218	30	39
126	868	867	0	0	3.39449	32.6748	20.4251	30	32
127	465	631	0	0	3.26718	23.8394	15.1146	31	44
128	631	205	0	1	3.29771	31.7128	20.038	31	40
129	205	204	0	0	3.22437	32.0574	20.423	31	34
130	204	839	0	0	3.15948	42.6787	27.3895	31	46
131	839	838	0	1	3.39053	29.8112	18.6433	31	35
132	886	813	0	0	3.21663	29.3867	18.7378	33	41
133	804	805	0	0	3.36849	31.1931	19.5551	33	38
134	853	852	0	0	2.97467	29.5971	19.4008	33	48
135	883	72	0	0	3.29465	41.7283	26.3754	34	49
136	73	204	0	0	3.39552	12.5899	7.86912	34	46
137	205	78	0	0	3.24973	61.3188	38.9534	34	40
138	78	883	0	0	3.32314	12.2348	7.70877	34	50
139	877	837	0	0	3.2948	13.1485	8.3107	35	38
140	839	71	0	0	3.01761	30.0349	19.5904	35	46
141	71	841	0	0	3.32603	29.3261	18.4715	35	47
142	841	878	0	0	3.39569	4.72161	2.95111	35	45
143	817	759	0	0	3.17584	18.9624	12.1468	36	42
144	815	817	0	0	3.35563	45.3713	28.484	36	43
145	193	189	0	0	3.34844	33.8659	21.2779	39	49
146	631	630	0	0	3.33752	43.7012	27.4907	40	44
147	634	78	0	1	3.38058	35.628	22.3055	40	50
148	817	818	0	0	3.34167	36.9238	23.2167	42	43
149	841	578	0	0	3.16831	49.5498	31.7673	45	47
150	732	71	0	0	3.21034	22.5437	14.3847	46	47
151	882	883	0	0	3.39361	25.8322	16.1494	49	50
152	885	886	0	0	3.38671	21.6738	13.5601	24	41
153	888	889	0	0	3.39395	40.0346	25.0273	3	16
154	891	892	0	0	3.38931	29.9683	18.7441	6	26
155	894	895	0	0	3.38605	22.2593	13.9274	22	47
156	897	898	0	0	3.3936	18.3722	11.4857	37	48
Cells
id	A0	EdgeNumb	Type	xflag	yflag	Area	Pressure	Perimeter	Centerx	Centery	EdgeList	CWVertices	dEnergy
1	2748.27	8	0	0	0	2796.73	195.894	-0.0149615	143.132	119.148	1,2,3,4,5,6,7,8,	761,755,756,628,627,466,635,762,	QUADRATIC
2	2572.61	6	0	0	0	2537.93	189.185	0.0114394	233.591	141.166	9,10,11,12,13,14,	813,804,801,629,760,812,	QUADRATIC
3	2894.22	5	0	0	0	2766.43	202.009	0.037465	97.0019	218.871	15,16,17,18,153,	889,888,197,194,759,	QUADRATIC
4	3131.85	7	0	0	0	3139.93	214.461	-0.00218803	190.028	276.427	19,20,21,22,23,24,25,	876,819,818,583,584,733,875,	QUADRATIC
5	2770.02	6	0	0	0	2689.52	202.277	0.0246607	288.974	56.5732	26,27,28,29,30,31,	879,805,806,844,843,880,	QUADRATIC
6	2713.32	6	0	0	0	2640.78	201.843	0.0226856	75.3128	133.878	8,32,33,34,35,154,	761,762,763,892,891,764,	QUADRATIC
7	2748.35	5	0	0	0	2636.63	201.997	0.0344938	329.476	66.0047	28,36,37,38,39,	844,806,853,856,851,	QUADRATIC
8	2806.44	5	0	1	0	2752.54	201.74	0.0162975	365.785	333.465	40,41,42,43,45,	882,580,581,577,641,	QUADRATIC
9	2721.82	6	0	0	0	2685.31	194.621	0.0113827	186.635	158.888	5,10,46,47,48,49,	628,756,815,816,760,629,	QUADRATIC
10	2839.51	6	0	0	0	2819.5	211.645	0.00597934	123.475	298.447	21,50,51,52,53,54,	584,583,195,192,72,73,	QUADRATIC
11	2963.92	6	0	0	0	2917.35	209.988	0.0133315	223.959	205.35	9,24,48,55,56,57,	812,760,816,819,876,870,	QUADRATIC
12	3061.87	7	0	0	0	3060.58	207.843	0.000357876	256.345	243.137	25,57,58,59,60,61,62,	876,875,874,871,872,873,870,	QUADRATIC
13	2772.67	6	0	0	0	2712.19	196.52	0.0185075	51.844	41.9387	63,64,65,66,67,68,	637,630,634,49,65,636,	QUADRATIC
14	2592.52	7	0	0	0	2588.11	190.065	0.00144297	48.5522	191.98	17,35,69,71,72,73,74,	197,888,764,891,173,172,196,	QUADRATIC
15	2948.58	6	0	0	0	2912.61	205.225	0.0103517	312.206	334.363	41,76,77,78,79,80,	577,581,582,894,578,579,	QUADRATIC
16	2940.18	5	0	0	0	2816.29	207.623	0.0357545	103.355	165.907	7,34,69,82,153,	755,761,764,888,889,	QUADRATIC
17	2517.03	6	0	1	0	2477.8	190.21	0.0132233	3.76354	56.3155	38,64,83,84,85,87,	851,856,897,65,49,850,	QUADRATIC
18	2792.23	7	0	1	0	2796.01	201.342	-0.00114801	351.945	281.674	42,77,88,89,90,91,92,	581,580,189,869,868,754,582,	QUADRATIC
19	2487.33	5	0	0	0	2393.15	190.444	0.0321285	306.618	202.748	59,93,95,96,97,	873,872,867,866,885,	QUADRATIC
20	2543.77	7	0	0	1	2563.53	187.796	-0.00659208	337.45	11.2287	27,37,40,78,83,98,99,	843,844,851,850,641,577,579,	QUADRATIC
21	2598.13	6	0	0	0	2566.04	198.109	0.0104804	191.331	100.486	4,11,47,100,101,102,	627,628,629,801,837,836,	QUADRATIC
22	2983.51	6	0	0	0	2938.99	205.314	0.0126609	286.601	291.897	61,76,90,103,104,155,	871,874,895,894,582,754,	QUADRATIC
23	2796.77	4	0	0	1	2627.94	205.819	0.051221	245.89	35.9502	31,105,106,107,	879,880,878,877,	QUADRATIC
24	2667.99	6	0	0	0	2626.3	193.994	0.0132585	327.929	160.577	95,108,109,110,111,152,	885,866,865,854,852,886,	QUADRATIC
25	2563.58	5	0	0	0	2497.01	193.813	0.0220343	230.477	298.357	19,62,104,112,113,	875,733,732,895,874,	QUADRATIC
26	3039.19	6	0	1	0	3002.76	205.281	0.0101718	16.0472	148.238	74,110,114,115,116,154,	173,891,892,898,854,865,	QUADRATIC
27	2723.76	6	0	0	0	2677.49	201.265	0.0144143	73.2812	260.055	16,53,71,117,118,119,	194,197,196,193,192,195,	QUADRATIC
28	2966	5	0	0	0	2850.92	207.811	0.0329225	91.7304	87.949	1,33,68,120,121,	762,635,637,636,763,	QUADRATIC
29	2912.71	5	0	0	0	2828.93	207.351	0.0244065	165.476	56.1466	3,101,122,123,124,	466,627,836,838,465,	QUADRATIC
30	3005.51	7	0	1	0	3004.98	206.82	0.000149911	364.95	205.93	73,92,96,111,116,125,126,	172,173,865,866,867,868,869,	QUADRATIC
31	2725.16	6	0	0	1	2703.55	194.596	0.00672795	150.39	372.861	123,127,128,129,130,131,	465,838,839,204,205,631,	QUADRATIC
32	2934.09	5	0	0	0	2839.27	205.722	0.0274208	316.896	246.444	60,91,97,103,126,	872,871,754,868,867,	QUADRATIC
33	2832.09	7	0	0	0	2830.03	195.878	0.000617208	288.057	119.009	13,29,36,108,132,133,134,	804,813,886,852,853,806,805,	QUADRATIC
34	3098.38	6	0	0	0	3076.21	226.219	0.00607113	101.099	334.196	51,129,135,136,137,138,	73,72,883,78,205,204,	QUADRATIC
35	2975.5	8	0	0	1	3012.78	215.964	-0.0106315	204.188	15.529	102,106,124,131,139,140,141,142,	836,837,877,878,841,71,839,838,	QUADRATIC
36	2833.4	6	0	0	0	2745.09	202.46	0.0264453	145.106	189.609	6,18,46,82,143,144,	756,755,889,759,817,815,	QUADRATIC
37	2540.57	6	0	0	0	2501.84	187.825	0.0129355	37.4958	96.0986	32,63,85,115,120,156,	892,763,636,65,897,898,	QUADRATIC
38	3117.92	6	0	0	0	3050.36	213.613	0.018387	236.826	86.4523	12,30,100,105,133,139,	801,804,805,879,877,837,	QUADRATIC
39	3021.19	5	0	1	0	2947.21	208.92	0.0207781	24.1219	248.059	72,88,119,125,145,	196,172,869,189,193,	QUADRATIC
40	3241.8	5	0	0	1	3131.82	217.136	0.0287867	88.0027	4.02902	66,128,137,146,147,	634,630,631,205,78,	QUADRATIC
41	2570.56	6	0	0	0	2529.46	191.459	0.0135685	269.393	175.54	14,56,58,93,132,152,	813,812,870,873,885,886,	QUADRATIC
42	2738	6	0	0	0	2677.04	197.041	0.018891	136.529	255.104	15,22,54,117,143,148,	759,194,195,583,818,817,	QUADRATIC
43	2704.68	5	0	0	0	2594.31	197.971	0.0346253	180.499	222.999	23,49,55,144,148,	818,819,816,815,817,	QUADRATIC
44	2857.76	6	0	0	0	2787.92	207.311	0.0207365	118.25	50.8274	2,67,121,122,127,146,	635,466,465,631,630,637,	QUADRATIC
45	2646.9	6	0	0	1	2595.44	202.196	0.0164958	276.942	372.599	26,79,98,107,142,149,	880,843,579,578,841,878,	QUADRATIC
46	2690.84	7	0	0	0	2738.89	195.501	-0.0151533	180.59	332.65	20,50,113,130,136,140,150,	733,584,73,204,839,71,732,	QUADRATIC
47	2446.56	6	0	0	0	2426.08	191.103	0.00710329	243.854	339.202	80,112,141,149,150,155,	578,894,895,732,71,841,	QUADRATIC
48	3001.33	6	0	1	0	2963.08	205.938	0.0108131	348.441	112.413	39,87,109,114,134,156,	856,853,852,854,898,897,	QUADRATIC
49	3200.48	7	0	0	0	3219.78	213.52	-0.00511642	43.725	305.255	43,52,89,118,135,145,151,	580,882,883,72,192,193,189,	QUADRATIC
50	3000.65	7	0	1	1	3022.99	210.741	-0.0063185	26.9447	367.519	45,65,84,99,138,147,151,	882,641,850,49,634,78,883,	QUADRATIC
End

