write testing
INTEGRATORNAME	RK4_Adaptive
CURRENTTIME	0
Global:
SEED	89542
TIMEINTERVAL	0.1
LX	375
LY	375
MINAREA	28.125
MINLENGTH	0.883883
NEWEDGELENGTH	1.76777
K	0.848528
GAMMA	1
TOTALTIME	10
INITIALSTEPSIZE	0.0001
error_tolerance_absolute_mechanical	0.01
TISSUE_ALPHA	100
ALPHAM	0.282843
TISSUE_EXT_STRESS_X	0
TISSUE_EXT_STRESS_Y	0
PuLLINGDIR_X	1
PuLLINGDIR_Y	0
C4	0
EpsilonMax	0.6
KAPPA	0.23
GAMMA0	1
Y	5.66
NUMBER OF CELLS	50
NUCLEATIONTHRESHOLD	1.45
NUCLEATIONBASECRITERIA	1
endGlobal
Vertices
id	x	y	Anglestheta1	Anglestheta2	Anglestheta3	PsiAngle1	PsiAngle2	PsiAngle3	Nucleation1	Nucleation2	Nucleation3
49	5.7343	38.8089	2.43421	1.43178	2.41719	0.289325	1.49792	0.426566	0	0	0
64	16.8188	111.728	1.65501	2.26903	2.35914	1.4553	0.275726	0.551779	0	0	0
65	42.7176	76.0421	2.30156	2.24986	1.73177	0.368749	0.497137	1.49368	0	0	0
66	52.3294	142.375	2.28581	2.35621	1.64117	0.284114	0.536469	1.46222	0	0	0
71	221.649	364.362	2.21405	1.99578	2.07336	1.17295	0.136273	0.970752	0	0	0
72	71.7589	297.46	1.91956	1.74153	2.6221	0.992599	0.318448	1.27823	0	0	0
73	146.588	327.485	1.84241	2.64689	1.79388	0.268008	1.16495	1.05544	0	0	0
78	56.7277	353.013	2.19488	1.56406	2.52425	0.651573	0.610552	1.4336	0	0	0
172	39.9749	203.406	2.379	2.21707	1.68712	0.858672	0.0151136	1.17439	0	0	0
173	29.5059	172.925	1.96068	2.16913	2.15338	0.338704	1.41539	0.745859	0	0	0
175	10.5038	112.751	2.40306	2.20061	1.67952	0.208711	0.631047	1.30901	0	0	0
189	8.8023	262.035	1.99396	2.09546	2.19376	0.576301	0.520578	1.51756	0	0	0
192	72.2569	282.292	1.7384	2.39211	2.15268	0.0868972	1.16324	1.10916	0	0	0
193	43.6856	262.122	1.63544	2.11837	2.52938	0.750591	1.12631	0.308593	0	0	0
194	90.2163	260.424	1.09019	2.71024	2.48276	0.0908746	1.1505	1.44599	0	0	0
195	89.2204	265.223	1.55219	2.16709	2.56391	0.980708	0.301244	1.07734	0	0	0
196	47.3757	207.234	2.60671	1.69544	1.98104	0.209934	0.780589	1.05765	0	0	0
197	63.7843	206.29	1.65249	1.96751	2.66319	1.28046	0.529533	0.296711	0	0	0
204	145.206	336.133	2.31406	1.48533	2.48379	1.31553	0.0736359	1.0834	0	0	0
205	115.909	363.673	2.20888	2.2314	1.84291	0.288139	1.20959	0.827559	0	0	0
218	48.396	335.369	1.4641	2.64612	2.17297	0.179734	1.26622	1.14332	0	0	0
219	48.3852	335.559	2.63888	1.68117	1.96314	1.37628	0.394715	0.924727	0	0	0
465	126.04	38.7254	2.35353	1.54643	2.38322	0.132734	1.05888	0.90595	0	0	0
466	141.476	91.2845	2.05566	2.38597	1.84155	0.742173	0.178603	1.20644	0	0	0
577	344.325	359.038	2.26018	2.3534	1.66961	1.06617	0.231364	0.898726	0	0	0
578	289.193	355.391	2.56446	2.03784	1.68089	0.930529	0.0900825	1.19215	0	0	0
579	303.121	365.803	2.3369	1.96041	1.98587	0.239614	0.753323	1.21982	0	0	0
580	366.684	291.444	1.70265	2.18396	2.39657	1.37848	0.180195	0.671132	0	0	0
581	340.514	299.5	2.34223	1.80549	2.13546	0.101062	0.966671	1.00381	0	0	0
582	329.956	293.722	2.38486	2.27422	1.62411	0.879113	0.0670606	1.12537	0	0	0
583	155.176	277.634	1.82319	2.6175	1.84249	0.473194	1.39444	0.835558	0	0	0
584	158.16	312.364	1.75594	2.12453	2.40271	0.792284	0.40907	1.28704	0	0	0
627	158.577	94.7371	2.21204	1.75707	2.31408	0.26557	1.42261	0.612967	0	0	0
628	178.84	128.231	2.26422	2.06269	1.95627	0.58804	0.390097	1.52221	0	0	0
629	208.171	132.644	2.14154	2.04909	2.09256	0.350675	1.39696	0.673868	0	0	0
630	81.9915	46.9145	1.88468	2.31061	2.08789	0.336345	0.707599	1.49165	0	0	0
631	120.308	35.3922	2.19145	2.32272	1.76901	1.00183	0.117327	0.9784	0	0	0
634	52.2324	3.9705	2.36412	1.53377	2.38529	1.35354	0.160892	1.02117	0	0	0
635	128.114	99.5947	2.10947	2.67188	1.50184	0.0403536	0.791273	1.29558	0	0	0
636	65.0375	74.8968	2.03546	1.74433	2.50339	1.24254	0.647362	0.37037	0	0	0
637	70.858	70.0981	1.59879	1.97641	2.70798	1.24711	0.106882	0.90628	0	0	0
641	348.141	361.795	2.18063	1.58226	2.5203	0.144982	1.11517	0.93611	0	0	0
730	277.339	323.087	2.38085	1.75962	2.14271	1.54213	0.528112	0.662315	0	0	0
731	282.103	312.097	1.72063	2.34646	2.21609	0.343857	0.76419	1.51709	0	0	0
732	223.793	331.886	2.05466	1.7996	2.42893	0.380594	0.833872	1.28039	0	0	0
733	213.2	317.857	1.81321	2.15299	2.31699	0.564733	1.41836	0.51176	0	0	0
754	320.928	265.856	1.65452	2.18458	2.44408	0.183566	1.40561	0.908726	0	0	0
755	129.055	160.142	2.3318	2.20785	1.74353	0.699669	0.172097	1.338	0	0	0
756	150.222	166.569	1.91727	2.02753	2.33839	0.317387	1.48658	0.696378	0	0	0
757	90.9023	188.487	1.43938	2.49072	2.35309	0.212139	0.964406	1.4575	0	0	0
758	90.3111	190.536	2.13248	1.76304	2.38766	1.3472	0.153365	0.912877	0	0	0
759	118.485	222.135	2.31518	2.19053	1.77747	0.429436	0.459297	1.5247	0	0	0
760	223.917	172.953	2.09332	2.23357	1.9563	0.674246	0.303903	1.35056	0	0	0
761	114.814	131.844	2.58869	1.71876	1.97573	1.38102	0.393149	0.901194	0	0	0
762	115.858	119.826	1.82932	2.6836	1.77026	0.369997	1.25513	0.971804	0	0	0
763	72.3869	107.037	2.08174	1.69114	2.5103	0.816065	0.439086	1.47996	0	0	0
764	67.9815	147.274	2.32925	1.38151	2.57242	0.0879053	1.19831	0.778661	0	0	0
765	57.4974	141.626	1.65839	2.50374	2.12106	1.23568	0.17515	0.654044	0	0	0
801	227.218	110.932	1.90453	2.29719	2.08147	0.612234	0.428499	1.38077	0	0	0
803	302.375	163.111	1.45787	2.24159	2.58373	1.48715	0.195287	0.533648	0	0	0
804	265.688	110.69	2.22646	1.76786	2.28887	1.31659	0.680572	0.432658	0	0	0
805	276.182	98.5246	1.81492	2.47306	1.9952	0.472847	0.524756	1.43221	0	0	0
806	300.417	93.8513	1.84587	2.40945	2.02787	1.18952	0.17558	0.747353	0	0	0
812	236.075	174.792	2.38241	1.50894	2.39184	0.229484	1.42541	0.524984	0	0	0
813	273.52	148.672	2.24314	2.06353	1.97652	0.918212	0.0700458	1.19162	0	0	0
814	302.138	163.172	2.41789	2.17461	1.69069	0.107134	0.73821	1.19444	0	0	0
815	162.303	190.188	2.15909	1.95213	2.17197	0.606729	0.479258	1.5588	0	0	0
816	200.969	194.673	2.2682	2.09072	1.92426	0.32122	1.28335	0.72414	0	0	0
817	144.752	222.561	2.05137	2.18701	2.04481	0.52888	1.55128	0.564624	0	0	0
818	163.324	260.256	1.77428	2.26349	2.24541	0.429361	0.693345	1.56111	0	0	0
819	213.702	247.162	2.275	2.42109	1.5871	0.899507	0.105957	1.03154	0	0	0
836	197.494	59.8851	2.32711	2.17487	1.78121	0.643618	0.246987	1.41054	0	0	0
837	210.246	62.9566	2.43175	1.70423	2.1472	0.118547	1.19215	0.733569	0	0	0
838	177.503	24.9636	2.35904	1.82944	2.09471	1.44214	0.394783	0.784737	0	0	0
839	182.114	7.8117	1.80319	2.27005	2.20994	0.232565	0.872406	1.36759	0	0	0
841	239.827	4.9599	1.97062	1.76694	2.54563	0.123692	1.14912	1.00716	0	0	0
843	293.512	32.4293	2.08512	2.16889	2.02918	1.26944	0.254854	0.787705	0	0	0
844	312.455	49.7685	2.27189	1.96588	2.04542	0.306354	0.716356	1.28929	0	0	0
850	365.277	37.8126	1.9592	2.27151	2.05247	0.655562	0.370674	1.35027	0	0	0
851	359.653	43.6701	2.46171	1.3571	2.46438	1.14566	0.763748	0.467106	0	0	0
852	326.723	137.402	2.03873	1.93304	2.31142	0.947409	0.208301	1.22766	0	0	0
853	324.634	108.422	2.13913	1.95966	2.1844	0.0404193	1.05178	1.02025	0	0	0
854	364.911	153.367	1.64408	2.31586	2.32325	0.352782	1.51441	0.805148	0	0	0
856	355.429	93.1336	2.06357	2.1028	2.11681	1.11698	0.058581	0.973206	0	0	0
865	368.771	163.733	2.17903	1.85155	2.25261	0.733037	0.393268	1.48278	0	0	0
866	348.622	197.926	1.45801	2.56553	2.25965	0.1965	1.32632	1.08626	0	0	0
867	349.207	211.361	2.59897	2.04505	1.63916	1.25593	0.436348	0.863139	0	0	0
868	355.127	220.275	2.58851	1.78295	1.91172	0.708077	0.247783	1.54204	0	0	0
869	367.712	226.071	2.26291	1.59727	2.42301	0.00780702	1.21931	0.790826	0	0	0
870	262.807	208.469	2.30939	2.1746	1.7992	0.483758	0.41584	1.57054	0	0	0
871	294.341	249.188	2.20184	2.03688	2.04447	1.02985	0.00761297	1.09331	0	0	0
872	292.105	217.779	2.19064	1.61164	2.48091	0.363557	0.876897	1.16938	0	0	0
873	285.101	209.979	1.85223	2.06074	2.37021	0.577024	1.37946	0.453346	0	0	0
874	258.657	270.809	2.30208	1.59908	2.38202	0.12499	1.316	0.674551	0	0	0
875	232.742	262.941	2.43872	1.6179	2.22656	0.6462	0.46708	1.45515	0	0	0
876	226.816	253.761	1.77605	1.89697	2.61017	0.216564	1.52165	0.731923	0	0	0
877	226.982	54.3818	1.51031	2.36789	2.40498	1.11588	0.086616	0.841773	0	0	0
878	242.256	13.891	2.31135	1.45662	2.51522	0.890021	0.36759	1.52326	0	0	0
879	260.508	64.7613	1.91782	2.05972	2.30565	0.31165	1.46447	0.718211	0	0	0
880	283.091	34.8857	2.4352	2.44955	1.39844	0.1217	0.577517	1.34648	0	0	0
Edges
id	vertex1	vertex2	xflag	yflag	tension	length	restlength	_cell1	_cell2
1	762	635	0	0	inf	23.6546	0	1	28
2	635	466	0	0	inf	15.7347	0	1	44
3	466	627	0	0	inf	17.4467	0	1	29
4	627	628	0	0	inf	39.1463	0	1	21
5	628	756	0	0	inf	47.8417	0	1	9
6	756	755	0	0	inf	22.121	0	1	36
7	755	761	0	0	inf	31.6795	0	1	16
8	761	762	0	0	inf	12.0627	0	1	6
9	812	760	0	0	inf	12.2959	0	2	11
10	760	629	0	0	inf	43.2746	0	2	9
11	629	801	0	0	inf	28.8831	0	2	21
12	801	804	0	0	inf	38.4705	0	2	38
13	804	813	0	0	inf	38.7812	0	2	33
14	813	812	0	0	inf	45.6552	0	2	41
15	759	194	0	0	inf	47.5934	0	3	42
16	194	197	0	0	inf	60.2422	0	3	27
17	197	758	0	0	inf	30.8522	0	3	14
18	758	759	0	0	inf	42.335	0	3	36
19	875	733	0	0	inf	58.2888	0	4	25
20	733	584	0	0	inf	55.3141	0	4	46
21	584	583	0	0	inf	34.8578	0	4	10
22	583	818	0	0	inf	19.1931	0	4	42
23	818	819	0	0	inf	52.0526	0	4	43
24	819	876	0	0	inf	14.6811	0	4	11
25	876	875	0	0	inf	10.9261	0	4	12
26	880	843	0	0	inf	10.7063	0	5	45
27	843	844	0	0	inf	25.681	0	5	20
28	844	806	0	0	inf	45.697	0	5	7
29	806	805	0	0	inf	24.6819	0	5	33
30	805	879	0	0	inf	37.2239	0	5	38
31	879	880	0	0	inf	37.4503	0	5	23
32	765	763	0	0	inf	37.6584	0	6	37
33	763	762	0	0	inf	45.3138	0	6	28
34	761	764	0	0	inf	49.3089	0	6	16
35	764	765	0	0	inf	11.9082	0	6	14
36	853	806	0	0	inf	28.2623	0	7	33
37	844	851	0	0	inf	47.5901	0	7	20
38	851	856	0	0	inf	49.6436	0	7	17
39	856	853	0	0	inf	34.3809	0	7	48
40	641	577	0	0	inf	4.70783	0	8	20
41	577	581	0	0	inf	59.6606	0	8	15
42	581	580	0	0	inf	27.3817	0	8	18
43	580	218	1	0	inf	71.7335	0	8	49
44	218	219	0	0	inf	0.190107	0	8	34
45	219	641	1	0	inf	79.6866	0	8	50
46	815	756	0	0	inf	26.5298	0	9	36
47	628	629	0	0	inf	29.6609	0	9	21
48	760	816	0	0	inf	31.5973	0	9	11
49	816	815	0	0	inf	38.925	0	9	43
50	584	73	0	0	inf	19.0407	0	10	46
51	73	72	0	0	inf	80.6281	0	10	34
52	72	192	0	0	inf	15.1769	0	10	49
53	192	195	0	0	inf	24.0647	0	10	27
54	195	583	0	0	inf	67.1136	0	10	42
55	819	816	0	0	inf	54.0113	0	11	43
56	812	870	0	0	inf	42.9975	0	11	41
57	870	876	0	0	inf	57.8509	0	11	12
58	870	873	0	0	inf	22.3445	0	12	41
59	873	872	0	0	inf	10.4829	0	12	19
60	872	871	0	0	inf	31.4889	0	12	32
61	871	874	0	0	inf	41.7235	0	12	22
62	874	875	0	0	inf	27.0834	0	12	25
63	636	65	0	0	inf	22.3493	0	13	37
64	65	49	0	0	inf	52.4793	0	13	17
65	49	634	0	0	inf	58.1015	0	13	50
66	634	630	0	0	inf	52.2474	0	13	40
67	630	637	0	0	inf	25.7184	0	13	44
68	637	636	0	0	inf	7.54359	0	13	28
69	764	757	0	0	inf	47.1586	0	14	16
70	757	758	0	0	inf	2.1322	0	14	36
71	197	196	0	0	inf	16.4358	0	14	27
72	196	172	0	0	inf	8.33233	0	14	39
73	172	173	0	0	inf	32.2293	0	14	30
74	173	66	0	0	inf	38.1341	0	14	26
75	66	765	0	0	inf	5.22188	0	14	37
76	731	582	0	0	inf	51.2601	0	15	22
77	582	581	0	0	inf	12.0349	0	15	18
78	577	579	0	0	inf	41.7552	0	15	20
79	579	578	0	0	inf	17.3901	0	15	45
80	578	730	0	0	inf	34.4105	0	15	47
81	730	731	0	0	inf	11.9777	0	15	25
82	755	757	0	0	inf	47.5295	0	16	36
83	851	850	0	0	inf	8.12046	0	17	20
84	850	49	1	0	inf	15.4892	0	17	50
85	65	64	0	0	inf	44.0937	0	17	37
86	64	175	0	0	inf	6.39728	0	17	26
87	175	856	1	0	inf	35.9077	0	17	48
88	869	189	1	0	inf	39.3997	0	18	39
89	189	580	1	0	inf	34.0281	0	18	49
90	582	754	0	0	inf	29.2923	0	18	22
91	754	868	0	0	inf	56.9834	0	18	32
92	868	869	0	0	inf	13.8555	0	18	30
93	873	814	0	0	inf	49.8116	0	19	41
94	814	803	0	0	inf	0.244075	0	19	33
95	803	866	0	0	inf	57.8867	0	19	24
96	866	867	0	0	inf	13.4481	0	19	30
97	867	872	0	0	inf	57.4617	0	19	32
98	843	579	0	1	inf	42.7208	0	20	45
99	641	850	0	1	inf	53.8189	0	20	50
100	837	801	0	0	inf	50.8889	0	21	38
101	627	836	0	0	inf	52.2418	0	21	29
102	836	837	0	0	inf	13.116	0	21	35
103	871	754	0	0	inf	31.3793	0	22	32
104	731	874	0	0	inf	47.4804	0	22	25
105	879	877	0	0	inf	35.0959	0	23	38
106	877	878	0	0	inf	43.2759	0	23	35
107	878	880	0	0	inf	45.9154	0	23	45
108	803	852	0	0	inf	35.4088	0	24	33
109	852	854	0	0	inf	41.3906	0	24	48
110	854	865	0	0	inf	11.0621	0	24	26
111	865	866	0	0	inf	39.6877	0	24	30
112	730	732	0	0	inf	54.2642	0	25	47
113	732	733	0	0	inf	17.579	0	25	46
114	854	175	1	0	inf	45.5379	0	26	48
115	64	66	0	0	inf	46.9063	0	26	37
116	173	865	1	0	inf	36.8981	0	26	30
117	194	195	0	0	inf	4.90134	0	27	42
118	192	193	0	0	inf	34.9733	0	27	49
119	193	196	0	0	inf	55.0114	0	27	39
120	763	636	0	0	inf	32.9695	0	28	37
121	637	635	0	0	inf	64.4077	0	28	44
122	466	465	0	0	inf	54.779	0	29	44
123	465	838	0	0	inf	53.2716	0	29	31
124	838	836	0	0	inf	40.239	0	29	35
125	172	869	1	0	inf	52.4161	0	30	39
126	868	867	0	0	inf	10.701	0	30	32
127	465	631	0	0	inf	6.63008	0	31	44
128	631	205	0	1	inf	46.9261	0	31	40
129	205	204	0	0	inf	40.2091	0	31	34
130	204	839	0	1	inf	59.5073	0	31	46
131	839	838	0	0	inf	17.7609	0	31	35
132	814	813	0	0	inf	32.0823	0	33	41
133	804	805	0	0	inf	16.0657	0	33	38
134	853	852	0	0	inf	29.055	0	33	48
135	218	72	0	0	inf	44.5295	0	34	49
136	73	204	0	0	inf	8.75717	0	34	46
137	205	78	0	0	inf	60.1333	0	34	40
138	78	219	0	0	inf	19.3454	0	34	50
139	877	837	0	0	inf	18.8053	0	35	38
140	839	71	0	1	inf	43.6284	0	35	46
141	71	841	0	1	inf	23.9527	0	35	47
142	841	878	0	0	inf	9.25578	0	35	45
143	817	759	0	0	inf	26.2704	0	36	42
144	815	817	0	0	inf	36.825	0	36	43
145	193	189	0	0	inf	34.8834	0	39	49
146	631	630	0	0	inf	40.0117	0	40	44
147	634	78	0	1	inf	26.3442	0	40	50
148	817	818	0	0	inf	42.0219	0	42	43
149	841	578	0	1	inf	55.1427	0	45	47
150	732	71	0	0	inf	32.5466	0	46	47
Cells
id	A0	EdgeNumb	Type	xflag	yflag	Area	Pressure	Perimeter	Centerx	Centery	EdgeList	CWVertices	dEnergy
1	2748.27	8	0	0	0	3154.3	209.687	-0.125364	144.825	127.876	1,2,3,4,5,6,7,8,	761,755,756,628,627,466,635,762,	quadratic
2	2572.61	6	0	0	0	2977.69	207.36	-0.133607	241.105	139.472	9,10,11,12,13,14,	813,804,801,629,760,812,	quadratic
3	2894.22	4	0	0	0	1912.2	181.023	0.287909	90.8391	221.807	15,16,17,18,	758,197,194,759,	quadratic
4	3131.85	7	0	0	0	4110.67	245.313	-0.265196	192.762	283.033	19,20,21,22,23,24,25,	876,819,818,583,584,733,875,	quadratic
5	2770.02	6	0	0	0	2220.79	181.44	0.168243	287.39	65.7961	26,27,28,29,30,31,	879,805,806,844,843,880,	quadratic
6	2713.32	5	0	0	0	1399.46	156.252	0.410879	85.0663	127.487	8,32,33,34,35,	761,762,763,765,764,	quadratic
7	2748.35	5	0	0	0	2772.08	205.574	-0.00732563	331.589	74.8399	28,36,37,38,39,	844,806,853,856,851,	quadratic
8	2806.44	6	0	1	0	3363.33	243.36	-0.168376	371.368	326.9	40,41,42,43,44,45,	219,218,580,581,577,641,	quadratic
9	2721.82	6	0	0	0	3363.53	217.829	-0.200053	187.757	163.361	5,10,46,47,48,49,	628,756,815,816,760,629,	quadratic
10	2839.51	6	0	0	0	3513.48	240.882	-0.201402	118.308	293.576	21,50,51,52,53,54,	584,583,195,192,72,73,	quadratic
11	2963.92	6	0	0	0	2960.83	213.434	0.000886795	228.909	210.692	9,24,48,55,56,57,	812,760,816,819,876,870,	quadratic
12	3061.87	7	0	0	0	2722.26	201.9	0.0941135	264.378	240.247	25,57,58,59,60,61,62,	876,875,874,871,872,873,870,	quadratic
13	2772.67	6	0	0	0	3129.88	218.439	-0.109316	47.3087	43.5732	63,64,65,66,67,68,	637,630,634,49,65,636,	quadratic
14	2592.52	9	0	0	0	2563.05	192.405	0.0096452	58.3811	177.48	17,35,69,70,71,72,73,74,75,	197,758,757,764,765,66,173,172,196,	quadratic
15	2948.58	7	0	0	0	3582.3	228.489	-0.18237	314.06	331.186	41,76,77,78,79,80,81,	577,581,582,731,730,578,579,	quadratic
16	2940.18	4	0	0	0	1883.56	175.677	0.304939	99.2485	157.557	7,34,69,82,	755,761,764,757,	quadratic
17	2517.03	7	0	1	0	3002.27	212.131	-0.163582	6.98854	75.1706	38,64,83,84,85,86,87,	851,856,175,64,65,49,850,	quadratic
18	2792.23	7	0	1	0	3079.22	212.976	-0.0872152	352.631	263.043	42,77,88,89,90,91,92,	581,580,189,869,868,754,582,	quadratic
19	2487.33	6	0	0	0	2064.87	189.335	0.14412	314.864	196.357	59,93,94,95,96,97,	873,872,867,866,803,814,	quadratic
20	2543.77	7	0	0	1	3464.25	224.394	-0.307045	328.472	18.5469	27,37,40,78,83,98,99,	843,844,851,850,641,577,579,	quadratic
21	2598.13	6	0	0	0	3136.97	213.937	-0.175981	195.198	98.7995	4,11,47,100,101,102,	627,628,629,801,837,836,	quadratic
22	2983.51	5	0	0	0	2678.09	201.136	0.0868643	294.773	280.48	61,76,90,103,104,	871,874,731,582,754,	quadratic
23	2796.77	4	0	0	0	1605.05	161.737	0.361564	253.119	40.9151	31,105,106,107,	879,880,878,877,	quadratic
24	2667.99	5	0	0	0	2169.59	185.436	0.158512	338.069	165.112	95,108,109,110,111,	803,866,865,854,852,	quadratic
25	2563.58	6	0	0	0	3065.48	216.674	-0.166127	246.01	301.423	19,62,81,104,112,113,	875,733,732,730,731,874,	quadratic
26	3039.19	6	0	1	0	2264.83	184.936	0.216198	19.377	144.803	74,86,110,114,115,116,	173,66,64,175,854,865,	quadratic
27	2723.76	6	0	0	0	2256.18	195.629	0.145665	63.931	245.338	16,53,71,117,118,119,	194,197,196,193,192,195,	quadratic
28	2966	5	0	0	0	1664.24	173.889	0.372415	93.7186	96.8539	1,33,68,120,121,	762,635,637,636,763,	quadratic
29	2912.71	5	0	0	0	3115.84	217.978	-0.0591737	160.268	58.1351	3,101,122,123,124,	466,627,836,838,465,	quadratic
30	3005.51	7	0	1	0	2726.51	199.236	0.0787664	4.46644	195.027	73,92,96,111,116,125,126,	172,173,865,866,867,868,869,	quadratic
31	2725.16	6	0	0	1	3288.09	224.305	-0.175277	145.435	4.22115	123,127,128,129,130,131,	465,838,839,204,205,631,	quadratic
32	2934.09	5	0	0	0	2151.38	188.014	0.226356	320.162	234.114	60,91,97,103,126,	872,871,754,868,867,	quadratic
33	2832.09	8	0	0	0	3040.07	204.581	-0.062315	296.571	126.178	13,29,36,94,108,132,133,134,	804,813,814,803,852,853,806,805,	quadratic
34	3098.38	7	0	0	0	4011	253.793	-0.24993	94.4272	333.461	44,51,129,135,136,137,138,	218,219,78,205,204,73,72,	quadratic
35	2975.5	8	0	0	1	3143.68	210.034	-0.0479605	210.577	25.5156	102,106,124,131,139,140,141,142,	836,837,877,878,841,71,839,838,	quadratic
36	2833.4	7	0	0	0	2900.42	203.743	-0.0200697	129.2	192.474	6,18,46,70,82,143,144,	756,755,757,758,759,817,815,	quadratic
37	2540.57	6	0	0	0	2312.23	189.199	0.0762624	48.3998	106.444	32,63,75,85,115,120,	765,763,636,65,64,66,	quadratic
38	3117.92	6	0	0	0	2577.5	196.55	0.147074	242.668	84.5656	12,30,100,105,133,139,	801,804,805,879,877,837,	quadratic
39	3021.19	5	0	1	0	2266.34	190.043	0.212007	24.2745	235.354	72,88,119,125,145,	196,172,869,189,193,	quadratic
40	3241.8	5	0	0	1	3307.35	225.663	-0.0171596	87.6757	10.6004	66,128,137,146,147,	634,630,631,205,78,	quadratic
41	2570.56	5	0	0	0	2447.58	192.891	0.0405936	271.518	179.452	14,56,58,93,132,	813,812,870,873,814,	quadratic
42	2738	6	0	0	0	2687.33	207.094	0.015702	129.455	250.9	15,22,54,117,143,148,	759,194,195,583,818,817,	quadratic
43	2704.68	5	0	0	0	3389.28	223.836	-0.214778	179.146	224.647	23,49,55,144,148,	818,819,816,815,817,	quadratic
44	2857.76	6	0	0	0	2689.13	207.282	0.0500688	109.354	66.4774	2,67,121,122,127,146,	635,466,465,631,630,637,	quadratic
45	2646.9	6	0	0	1	2043.35	181.131	0.19348	276.011	7.92011	26,79,98,107,142,149,	880,843,579,578,841,878,	quadratic
46	2690.84	7	0	0	1	3837.77	236.373	-0.361672	186.967	343.248	20,50,113,130,136,140,150,	733,584,73,204,839,71,732,	quadratic
47	2446.56	5	0	0	1	2612.52	200.317	-0.057561	252.639	349.448	80,112,141,149,150,	578,730,732,71,841,	quadratic
48	3001.33	5	0	1	0	2349.33	186.272	0.184334	353.158	122.177	39,87,109,114,134,	856,853,852,854,175,	quadratic
49	3200.48	6	0	1	0	3653.85	235.325	-0.1202	35.0713	292.442	43,52,89,118,135,145,	580,218,72,192,193,189,	quadratic
50	3000.65	6	0	1	1	3994	252.786	-0.280901	15.9221	373.88	45,65,84,99,138,147,	219,641,850,49,634,78,	quadratic
End

