INTEGRATORNAME	RK4_Adaptive
CURRENTTIME	0.1
Global:
SEED	89542
TIMEINTERVAL	1
LX	511.028
LY	493.306
A0	1406.250000
MINAREA	14.062500
MINLENGTH	0.625000
NEWEDGELENGTH	1.250000
K	1.333333
GAMMA	10.000000
TOTALTIME	40.000000
CURRENTTIME	0.000000
VERBOSEON	1
INITIALSTEPSIZE	0.000100
error_tolerance_absolute_mechanical	0.010000
TISSUE_ALPHA	4.00
ALPHAM	0.400000
TISSUE_EXT_STRESS_X	0.000000
TISSUE_EXT_STRESS_Y	-0.1
equilibriumtolerance	0.1
NUCLEATIONTHRESHOLD	2.000
NUCLEATIONBASECRITERIA	1
endGlobal
Vertices
id	x	y	Angles(theta1)	Angles(theta2)	Angles(theta3)	PsiAngle1	PsiAngle2	PsiAngle3
179	452.396	379.053	2.18199	2.17241	1.92879	0.434633	0.529761	1.52084
318	194.988	162.074	1.87144	2.10753	2.30422	1.53541	0.383302	0.552417
324	243.127	22.1241	2.17081	2.17033	1.94204	0.34724	1.31826	0.737926
325	213.373	69.7367	1.97305	1.97423	2.33591	0.64479	0.523167	1.50969
376	418.238	479.166	2.19244	2.06237	2.02838	0.0837364	0.930452	1.11492
379	348.14	350.957	2.11897	1.99479	2.16942	1.4434	0.35869	0.700796
568	231.145	176.869	2.23055	2.11103	1.94161	1.19561	0.224802	0.890473
570	233.014	153.661	2.2886	2.14632	1.84827	0.0686953	0.992828	1.00446
572	254.715	141.941	2.22553	1.961	2.09665	1.14343	0.0951049	1.01766
573	274.63	158.224	2.25843	1.99542	2.02934	0.24382	0.770848	1.24153
574	236.353	253.76	1.8628	2.19685	2.22354	0.175506	1.28728	0.922917
730	447.216	299.757	2.23094	2.19323	1.85901	0.209858	0.719649	1.30647
731	411.882	328.755	1.90096	2.37036	2.01187	0.737716	0.26822	1.2187
732	395.257	341.494	1.78195	2.15759	2.34365	0.0259848	1.14584	1.10478
734	435.362	356.939	2.12732	1.86059	2.29528	1.42157	0.273933	0.789726
735	441.265	341.156	2.05601	2.03987	2.18731	0.431633	0.662023	1.45157
736	434.672	331.443	1.83036	2.16826	2.28457	0.538216	1.46109	0.545913
742	473.233	378.111	2.10453	2.10054	2.07811	1.51441	0.475357	0.576907
761	9.84868	65.1291	2.06008	2.07191	2.15119	0.46845	0.607146	1.5044
787	14.5549	492.314	2.00555	2.0129	2.26473	1.00208	0.130289	1.13306
791	44.3153	35.2352	2.33862	2.16332	1.78125	1.28143	0.3908	0.778508
792	46.7157	13.9156	1.86436	2.52609	1.89273	0.204562	1.15093	1.05849
793	77.6656	489.359	2.08025	2.23508	1.96786	1.33302	0.349086	0.691038
794	61.0804	491.093	2.11573	2.40258	1.76487	0.408758	0.473675	1.53154
795	152.382	104.296	1.88782	2.23273	2.16263	0.201959	0.879357	1.31832
796	178.963	92.2675	2.38739	2.14525	1.75055	0.948517	0.0732433	1.12045
797	251.937	478.935	2.17993	1.93615	2.16711	0.0959735	1.17953	0.872101
798	256.594	7.32152	1.95277	2.13844	2.19197	0.764934	0.331053	1.30744
801	290.261	13.1189	1.95257	2.20806	2.12255	0.423986	1.48526	0.680045
802	296.472	127.494	1.86555	2.07544	2.3422	0.0275745	1.14352	1.0653
803	293.354	46.916	2.326	1.5844	2.37278	1.2753	0.679902	0.483098
804	300.453	38.5448	2.20051	2.02561	2.05707	0.719024	0.30951	1.40976
805	265.359	93.9706	2.06921	1.90356	2.31042	0.0990319	1.05618	1.05081
806	296.994	79.1872	2.42015	1.96737	1.89566	1.09778	0.149947	1.06013
807	300.065	81.9749	2.32302	1.94063	2.01953	0.327769	0.681998	1.29809
808	288.436	121.185	1.83028	1.94808	2.50483	0.626823	1.26236	0.347216
809	268.15	120.6	1.70403	2.48203	2.09713	0.747613	0.30095	1.15297
810	260.166	50.2021	2.53676	1.83288	1.91354	0.203722	0.753049	1.12016
811	248.221	43.581	2.31003	1.80867	2.16449	0.92192	0.160326	1.31534
812	254.295	85.8147	2.04263	2.23984	2.00071	1.18471	0.18435	0.836965
813	236.975	90.5435	1.89018	2.15599	2.23701	0.359181	0.759326	1.43718
814	223.577	70.355	2.25429	1.81168	2.21722	0.383136	1.49175	0.522703
815	337.289	311.779	2.1595	2.38927	1.73441	0.448653	0.418552	1.4983
816	350.034	311.238	2.22228	2.16239	1.89851	1.39647	0.44721	0.663932
817	315.287	281.672	2.27181	1.91332	2.09805	1.37459	0.325563	0.810342
818	317.398	272.999	1.95135	2.2179	2.11393	0.186702	0.870265	1.29565
819	405.678	300.04	2.23534	1.9569	2.09094	0.145741	1.19121	0.832708
820	390.179	295.12	2.0454	1.85189	2.38589	0.855481	0.337466	1.36017
821	428.083	284.749	2.24549	1.87754	2.16016	1.11324	0.0331582	1.08958
822	339.854	263.281	2.36608	2.116	1.80111	1.00493	0.104377	1.07866
823	359.923	277.523	2.1222	2.25834	1.90264	0.107476	0.843845	1.23665
824	334.223	231.998	2.29496	1.74011	2.24811	1.32559	0.691946	0.455536
886	397.397	466.149	2.18352	2.01555	2.08411	1.03735	0.00470699	1.09647
887	396.175	443.709	1.95518	2.17712	2.15088	0.0675302	1.14297	1.02103
888	387.27	472.608	2.26745	2.23608	1.77966	0.130659	1.02049	0.987379
889	369.078	427.99	2.03306	2.22511	2.02502	1.07994	0.0674341	0.949095
890	381.84	367.11	2.3506	2.07848	1.8541	0.304184	1.23123	0.735057
892	387.299	395.193	2.14982	2.19579	1.93757	0.882919	0.0858652	1.16078
893	370.494	405.7	1.93433	2.19297	2.15588	0.0448658	1.03307	1.14135
1092	139.714	215.661	2.16881	1.89655	2.21783	1.23095	0.122038	0.962367
1093	129.057	221.489	2.34273	2.03845	1.902	0.101055	1.05205	0.918172
1094	243.148	210.008	2.29459	1.89003	2.09857	1.45099	0.40171	0.745584
1095	288.185	202.134	2.00455	2.10225	2.17638	0.0849057	1.00328	1.13603
1096	248.551	192.765	2.10091	2.17509	2.00718	0.219745	0.783845	1.30729
1097	268.053	186.72	1.99736	2.18757	2.09825	1.22554	0.176416	0.822265
1098	256.6	232.282	2.24959	2.1912	1.8424	0.581489	0.339709	1.4645
1099	215.486	286.593	2.29023	2.09214	1.90081	0.35155	0.598857	1.39762
1100	295.774	287.465	2.11572	1.99573	2.17174	0.224364	0.861504	1.22223
1101	277.761	271.107	2.02717	2.04483	2.21118	1.29451	0.188921	0.824665
1102	221.215	286.168	1.85578	2.1153	2.3121	1.54653	0.439014	0.488877
1103	239.498	311.852	1.94455	2.21402	2.12462	0.353638	0.708673	1.46065
1104	238.382	264.373	2.22427	1.77335	2.28557	0.923282	0.219501	1.33164
1105	262.933	276.678	2.31751	2.07117	1.8945	0.0525816	0.894667	1.08817
1106	258.621	307.074	2.07912	2.24746	1.9566	1.18048	0.202179	0.837381
1107	319.281	330.126	1.81128	2.4576	2.0143	0.129556	1.13671	1.09925
1108	292.131	314.013	1.97004	2.15064	2.16251	1.12138	0.0401253	0.944893
1109	277.32	321.266	2.037	2.0708	2.17539	0.0969468	0.990748	1.13234
1110	356.747	433.07	2.12364	2.22693	1.93261	0.118169	0.848136	1.23164
1319	464.682	274.668	2.23843	2.0409	2.00385	0.274958	0.726967	1.29541
1320	457.909	297.079	2.13815	2.03529	2.10975	1.36256	0.307687	0.761389
1395	5.42885	39.0716	1.85203	2.20317	2.22798	0.546442	0.567549	1.49357
1396	510.655	48.8828	2.10006	2.04596	2.13716	0.515993	1.55702	0.506989
1399	506.738	14.7086	2.16496	1.88586	2.23237	0.20632	1.3225	0.736608
1402	4.00959	77.9011	2.10346	1.97247	2.20725	1.48054	0.376913	0.674818
1403	49.971	80.8803	2.12726	2.08551	2.07041	0.485498	0.549708	1.52825
1404	38.3464	63.065	2.13697	2.07662	2.06959	1.49497	0.460179	0.608306
1405	80.9934	65.4694	2.05116	2.09023	2.1418	0.555071	0.515827	1.54141
1406	72.2612	80.3973	2.07592	2.08552	2.12175	1.56724	0.506369	0.531589
1407	48.6238	40.4464	2.23968	2.01926	2.02425	0.42898	0.583143	1.43861
1408	68.0493	40.0194	1.92196	2.01933	2.34189	1.43149	0.539153	0.421827
1410	340.73	26.9794	1.67539	2.1734	2.4344	0.00882485	1.22602	1.07787
1413	398.056	24.1728	2.02455	2.09906	2.15958	0.164968	0.91482	1.2145
1431	167.61	0.58373	2.09789	1.77936	2.40594	0.973222	0.229746	1.27869
1434	147.369	125.049	2.07528	2.18757	2.02034	1.27465	0.264476	0.773163
1435	162.151	138.586	1.94856	2.24668	2.08795	0.144975	0.898998	1.26831
1436	185.94	96.7533	2.25703	1.90772	2.11843	0.129133	0.930084	1.08299
1437	202.545	91.3764	2.01469	1.92061	2.34789	1.47129	0.297345	0.709999
1438	218.734	112.108	2.07858	2.31132	1.89329	0.376329	0.570318	1.53199
1439	185.211	127.403	1.88984	2.34723	2.04611	0.968697	0.054359	0.99928
1442	307.627	191.922	1.98388	2.20683	2.09248	1.03001	0.0162301	1.00817
1443	352.686	169.055	1.98095	2.244	2.05824	0.223196	1.25231	0.898805
1444	371.981	272.393	1.86315	2.21354	2.2065	1.16506	0.0618073	0.869767
1445	379.5	240.778	2.17892	1.86465	2.23961	0.420964	0.698842	1.35329
1446	387.902	281.633	1.94438	2.07495	2.26385	0.0727713	1.2047	0.964706
1526	485.822	397.541	2.08122	2.13192	2.07005	0.465694	0.569333	1.53165
1527	475.686	416.246	2.03976	2.11262	2.13081	0.523254	1.55293	0.533056
1528	499.889	429.243	2.02672	2.20362	2.05284	1.43013	0.403711	0.609647
1529	483.955	430.285	2.03787	2.21461	2.0307	0.486588	0.528762	1.5477
1531	435.547	439.308	1.96524	2.05838	2.25956	0.386884	1.51667	0.642306
1532	402.913	401.557	2.06088	2.08284	2.13947	0.153324	1.22306	0.888098
1533	408.846	433.86	1.95372	2.27957	2.0499	0.795226	0.229722	1.20658
1534	451.632	415.581	2.04227	2.13887	2.10204	0.577324	0.473697	1.49483
1535	416.96	389.877	1.87713	2.22523	2.18082	0.854908	0.235502	1.17407
1536	442.12	395.574	1.90456	2.14134	2.23729	0.395838	1.51448	0.674831
1773	185.466	208.416	2.09449	2.09023	2.09846	0.257029	0.792203	1.30214
1774	218.838	215.548	2.14639	1.94114	2.19565	0.273526	0.824297	1.2441
1776	214.797	242.975	1.88841	2.24847	2.14631	1.09048	0.0173268	0.926879
1777	13.9824	208.674	2.09032	2.1131	2.07976	1.30612	0.266238	0.778922
1778	18.9876	189.931	1.73171	2.24647	2.30501	0.290229	0.862274	1.41346
1779	130.338	260.507	1.95994	2.45627	1.86697	0.947143	0.0136589	0.966313
1780	265.354	233.475	2.30928	1.73592	2.23798	0.280672	1.39966	0.58729
1781	280.962	260.011	1.90564	2.04858	2.32897	0.421119	0.743364	1.44541
1782	300.411	256.133	2.03154	2.16291	2.08874	1.33685	0.292483	0.723284
1783	308.362	232.225	2.4374	1.90068	1.94511	0.343299	0.629254	1.29364
1784	287.575	214.879	2.21835	1.74937	2.31547	1.15702	0.000716891	1.10989
1785	183.995	310.276	1.93744	2.09923	2.24652	0.608532	0.514726	1.48344
1786	204.065	310.405	2.01156	2.1183	2.15333	0.558565	1.50636	0.500583
1787	326.985	355.57	2.17391	1.98982	2.11945	0.269128	0.790597	1.26404
1788	317.732	346.899	2.23167	2.15022	1.9013	1.20793	0.257279	0.858556
1790	363.197	464.992	2.4193	1.94609	1.9178	0.667559	0.291342	1.50099
1791	352.775	447.688	2.33417	1.88557	2.06345	1.43242	0.400693	0.766393
1792	346.927	485.041	2.02683	2.0988	2.15756	0.331715	1.41049	0.717683
1794	214.42	326.347	2.06761	2.10441	2.11117	0.45772	0.597864	1.50992
1982	492.238	315.315	2.17271	2.02797	2.08251	1.46906	0.427802	0.658552
1983	475.454	317.492	2.15174	2.09585	2.0356	0.365915	0.651884	1.41384
1984	506.224	336.377	2.19643	2.01916	2.0676	0.512031	0.521767	1.52161
1985	494.007	359.402	2.05202	2.10666	2.1245	1.51382	0.451574	0.574437
1986	466.749	338.311	2.13166	2.07353	2.078	1.46187	0.422871	0.642959
1987	482.163	360.183	2.1188	2.09884	2.06555	0.445506	0.587269	1.49492
1998	480.303	271.88	1.9508	2.06002	2.27237	1.50034	0.364162	0.611237
1999	499.755	296.642	2.03968	2.15046	2.09304	0.353993	0.692527	1.42922
2043	397.742	193.906	2.20316	1.9882	2.09182	1.30881	0.262901	0.838681
2129	0.40234	161.292	2.21169	1.76863	2.30287	0.308511	1.45994	0.575805
2130	507.269	160.636	2.44641	2.11795	1.71883	0.504034	0.355381	1.56301
2131	42.4096	179.62	2.04315	2.35289	1.88715	0.923215	0.0203582	1.04193
2132	63.4074	187.861	2.05742	1.96252	2.26324	0.168092	1.29971	0.813169
2133	434.76	55.8154	2.18174	2.0616	2.03985	1.17962	0.159693	0.931175
2134	355.221	13.6963	1.86745	2.46411	1.95163	0.57263	0.403184	1.33691
2135	384.086	11.8336	2.19673	2.35366	1.73279	1.19592	0.329523	0.768844
2141	415.08	17.1044	2.06571	2.15239	2.06508	1.13359	0.101049	0.931808
2143	436.89	31.8864	1.9985	2.20698	2.0777	0.0241067	1.01474	1.1276
2144	453.723	21.6252	1.97267	2.24764	2.06288	0.930978	0.100461	1.0868
2145	365.712	155.548	2.03379	2.24932	2.00008	0.64266	0.35738	1.37427
2146	375.12	112.212	2.26582	2.20265	1.81472	0.316553	0.590806	1.41788
2147	344.188	136.87	1.95978	2.19377	2.12963	0.788283	0.276534	1.25642
2148	359.586	139.949	1.88394	2.25684	2.14241	0.431451	1.50266	0.696969
2149	342.062	36.4824	2.18086	1.97404	2.12828	0.951106	0.113035	1.20347
2150	330.49	46.1662	2.1963	2.04765	2.03923	0.224164	1.24378	0.799661
2176	172.15	65.0396	2.47004	1.80711	2.00604	1.4802	0.658379	0.576641
2177	178.734	50.5459	1.89481	2.34252	2.04586	0.278043	0.744885	1.4493
2178	153.545	18.7092	1.8123	2.05239	2.4185	1.56608	0.356834	0.549316
2179	207.065	52.0008	1.84725	2.09648	2.33945	0.220247	1.38997	0.827995
2180	192.768	45.4969	1.95954	2.36932	1.95433	1.01795	0.0407878	0.938981
2181	233.534	20.7903	2.34643	2.13602	1.80073	0.535731	0.364635	1.53785
2182	220.093	2.64334	2.34496	1.81819	2.12003	1.33163	0.271611	0.90087
2183	193.995	13.3739	2.30013	1.99907	1.98398	0.030641	0.96135	1.03018
2184	130.176	477.649	1.98824	2.3015	1.99344	0.335858	0.660862	1.48661
2200	87.6697	166.999	2.37364	1.85847	2.05108	0.956924	0.0686143	1.25544
2201	84.7326	154.449	2.03772	2.22872	2.01675	0.335878	1.34425	0.77848
2202	112.798	183.21	2.2939	2.23525	1.75404	0.149102	0.727917	1.26673
2203	332.57	161.549	2.09124	2.23249	1.95945	0.882301	0.0974233	1.14305
2204	308.213	176.549	1.83007	2.16084	2.29227	0.103789	1.04235	1.18421
2205	330.592	149.546	2.08692	2.15792	2.03835	0.223107	1.24228	0.855853
2206	286.426	155.861	1.73404	2.18428	2.36487	1.46333	0.280896	0.586121
2207	297.718	139.225	1.98083	1.86288	2.43948	0.884612	0.335126	1.32554
2208	376.012	200.958	2.24251	2.17449	1.86618	0.135745	0.797348	1.22299
2209	355.046	187.063	2.2864	1.92115	2.07564	1.01288	0.024937	1.16813
2210	368.346	226.656	1.85412	2.1832	2.24586	0.637164	1.3815	0.454434
2211	338.596	226.46	1.85064	2.23275	2.1998	0.652049	0.447852	1.37317
2212	332.261	203.857	2.05528	1.93269	2.29522	0.0920036	1.23961	0.87434
2238	431.17	473.838	1.83273	2.14725	2.30321	1.25793	0.106332	0.810035
2240	477.212	470.504	2.23027	2.14697	1.90595	0.829121	0.123853	1.23899
2241	452.251	488.368	1.91692	2.1366	2.22966	0.00883057	1.12366	1.05947
2473	107.515	214.864	2.31163	1.88097	2.09059	0.713356	0.331938	1.48775
2474	103.381	206.138	1.88973	2.30943	2.08403	0.555161	1.54442	0.599552
2475	68.6206	203.674	1.96002	2.09679	2.22637	0.661557	0.451631	1.43164
2476	173.743	283.054	2.34388	1.80769	2.13161	0.198227	1.26403	0.705619
2477	150.514	278.33	2.11456	1.91488	2.25375	0.714144	0.412729	1.47001
2478	178.896	233.839	2.02953	2.1953	2.05836	1.26768	0.238499	0.776267
2479	163.449	237.532	2.16238	2.34186	1.77895	0.254956	0.634518	1.42588
2480	146.264	266.434	1.75089	2.26205	2.27025	0.339034	1.47416	0.791989
2481	196.3	267.718	2.23413	1.76728	2.28178	1.23096	0.0900753	1.02699
2482	198.265	250.542	2.00071	2.11393	2.16855	0.141205	0.943068	1.19817
2483	277.099	326.208	2.26684	1.63494	2.3814	1.17807	0.0126285	1.14605
2484	303.507	350.356	2.16249	2.56823	1.55247	0.251144	0.525093	1.53526
2485	319.882	389.851	2.03443	2.1046	2.14416	1.22153	0.14945	0.867764
2486	329.791	397.668	2.11446	2.01628	2.15245	0.154378	0.921845	1.16252
2487	328.499	412.597	2.11165	1.84314	2.3284	1.14212	0.0220815	1.0779
2488	282.937	404.14	2.03198	1.94671	2.30449	0.185758	0.966487	1.15911
2491	508.837	409.031	2.08119	2.08865	2.11334	0.429118	0.627552	1.47344
2493	313.343	456.809	1.89935	1.77722	2.60661	0.393798	0.909509	1.28241
2494	282.76	429.889	1.86699	2.15922	2.25698	0.940364	0.188126	1.12162
2495	299.961	435.267	2.16722	1.68623	2.42974	0.184123	1.39899	0.65899
2496	305.376	489.009	2.19699	1.66756	2.41864	0.470982	1.46129	0.362798
2497	313.774	477.43	1.81736	1.97264	2.49318	0.88778	0.35881	1.26749
2498	221.515	365.031	2.12683	1.96748	2.18888	0.453383	0.641056	1.43712
2499	206.217	343.144	2.07722	2.118	2.08796	1.49295	0.448968	0.589641
2500	139.669	296.231	1.99753	1.95446	2.3312	1.54347	0.377875	0.620888
2546	510.094	441.406	2.0696	1.96219	2.25139	0.336702	0.788995	1.3178
2631	471.811	28.1566	2.02277	1.95433	2.30608	0.212893	1.36593	0.764274
2632	480.241	48.7376	1.96433	1.99779	2.32106	0.593402	0.567126	1.54929
2655	468.188	211.647	1.90437	2.04751	2.33131	0.237098	0.928555	1.26085
2656	494.464	240.553	1.71678	2.26668	2.29972	0.374952	1.52481	0.75839
2657	466.369	230.695	1.81305	2.37574	2.09439	1.00173	0.0454702	0.951995
2658	509.083	212.707	2.16313	2.30224	1.81782	0.241226	0.667682	1.39235
2660	419.964	218.679	2.174	2.17709	1.93209	0.355802	0.610246	1.44435
2661	423.841	218.18	1.90101	2.21827	2.16391	1.41562	0.333668	0.616836
2662	409.445	238.968	2.32541	1.8483	2.10947	1.50059	0.586274	0.576433
2663	443.412	255.765	2.16569	1.93083	2.18667	1.21449	0.121156	0.961689
2664	445.467	240.24	1.91787	2.13084	2.23448	0.183468	0.933773	1.24889
2665	427.886	263.931	2.24549	2.04552	1.99218	0.0361739	1.03227	0.986585
2666	416.463	258.941	2.32055	2.05834	1.9043	0.822399	0.129749	1.29003
2667	452.285	193.335	1.85537	2.27665	2.15116	1.49882	0.42324	0.504446
2668	436.235	193.484	1.94163	2.04515	2.29641	0.590749	0.557453	1.52827
2669	427.776	172.309	1.95464	2.05776	2.27079	0.273553	1.40895	0.755325
2670	452.419	143.275	2.38637	2.10637	1.79045	0.54581	0.349415	1.5426
2739	5.61688	120.912	1.83904	2.00701	2.43713	0.420738	1.50229	0.582768
2740	41.2105	97.1846	2.11904	2.06298	2.10117	1.55257	0.501984	0.557536
2741	18.0708	98.0487	2.1428	2.1069	2.03349	0.462075	0.554668	1.51553
2743	53.7695	118.644	2.11659	2.09827	2.06833	0.528788	0.505375	1.56367
2744	394.559	109.842	2.30623	1.93969	2.03727	1.49826	0.479621	0.673493
2745	432.98	117.565	2.3382	1.70047	2.24451	1.32512	0.202863	0.966239
2746	435.27	103.005	2.06481	2.09978	2.1186	0.165425	0.893874	1.21531
2747	448.976	97.6421	1.98451	2.17764	2.12103	1.16952	0.109007	0.883249
2748	478.66	117.56	2.00273	2.11625	2.1642	0.0215516	1.06055	1.07968
2749	485.245	113.542	1.71951	2.36318	2.2005	0.94158	0.158671	1.01842
2750	487.695	83.6616	2.12453	1.86027	2.29838	0.300884	0.848308	1.23102
2751	471.823	67.0078	1.94844	2.08013	2.25461	1.40599	0.278685	0.695535
2752	453.624	71.6943	2.18986	2.0001	2.09322	0.223822	0.822788	1.22387
2753	490.458	9.99198	2.02686	2.0873	2.16903	0.839362	0.245154	1.25858
2760	359.793	97.8062	2.28008	1.84921	2.15389	1.18519	0.108247	1.03179
2761	360.821	75.0502	2.24144	2.10576	1.93598	0.0397353	1.00773	1.01315
2762	327.533	105.765	2.24695	2.16228	1.87395	0.816183	0.120794	1.24427
2763	339.015	110.203	2.23479	1.91713	2.13127	0.084541	1.15017	0.874025
2764	319.48	80.3887	2.11017	1.79657	2.37645	1.36237	0.590994	0.464089
2765	334.376	63.5455	2.20109	1.88459	2.1975	0.88059	0.21816	1.31871
2793	141.63	65.3101	2.15153	2.00793	2.12373	0.486167	0.575696	1.49013
2794	106.127	65.7172	2.10364	2.0377	2.14184	0.509119	1.56155	0.509732
2795	118.251	85.0043	2.03286	2.11834	2.13198	0.455242	0.610747	1.51441
2796	133.324	83.5053	1.97137	2.21363	2.09819	1.41395	0.364861	0.620826
2806	92.7734	144.566	2.02729	2.26603	1.98986	0.544896	0.450035	1.46368
2807	120.869	144.222	2.0654	2.24677	1.97102	1.42067	0.435157	0.597541
2808	126.899	129.466	1.9984	2.1713	2.11348	0.359057	0.697682	1.44471
2809	108.649	104.962	2.05302	2.16479	2.06537	1.47494	0.442253	0.584259
2810	87.4476	105.941	2.06104	2.14092	2.08122	0.494129	0.546483	1.56459
2811	79.8615	119.069	2.07849	2.14887	2.05583	0.515266	1.54318	0.559166
2812	159.083	152.029	2.15999	2.09202	2.03117	1.30433	0.288748	0.791247
2813	132.539	158.414	2.02299	2.08998	2.17022	0.323266	0.761842	1.36826
2814	126.443	179.364	2.03741	2.11708	2.12869	1.30186	0.237512	0.781195
2815	171.558	165.226	2.19433	1.99449	2.09437	0.339901	0.707283	1.33715
2816	142.821	194.614	2.09643	2.01274	2.17402	0.227188	0.85982	1.23356
2817	164.783	187.931	2.06142	2.06562	2.15615	1.32067	0.242594	0.788114
2939	4.08895	293.577	1.91718	2.24085	2.12515	1.31599	0.25341	0.705182
2941	10.8576	336.995	2.26768	1.8465	2.16901	0.397509	1.48201	0.525741
2948	19.0986	377.138	2.08373	2.13554	2.06392	1.41632	0.384357	0.657507
2949	25.605	360.582	1.83645	2.23836	2.20838	0.359461	0.744728	1.47864
2969	11.759	273.037	1.88454	2.07104	2.3276	0.485677	0.678124	1.5212
2970	112.361	266.644	1.81788	2.47151	1.99379	0.332857	0.66404	1.56861
2971	100.358	285.3	1.86335	2.29043	2.12941	0.359958	1.42466	0.785256
2972	92.6159	236.248	2.1494	1.95697	2.17682	0.466153	1.55457	0.51233
2973	55.0658	294.562	2.29653	1.85525	2.1314	1.32663	0.260931	0.887336
2974	21.2613	308.152	2.05557	1.89729	2.33032	0.160771	1.00439	1.10942
2975	22.1741	324.51	1.98657	1.9471	2.34952	0.937538	0.237221	1.2305
2976	280.453	374.66	1.50522	2.57501	2.20295	0.00640861	1.09507	1.29391
2977	254.555	398.453	1.96755	2.56707	1.74857	0.554418	0.319865	1.30364
2978	275.952	397.756	2.11892	2.36843	1.79584	1.2519	0.35398	0.705481
2979	238.825	364.095	2.19413	1.94616	2.1429	1.52642	0.543721	0.553343
2981	255.164	347.307	2.36371	1.59055	2.32893	0.37701	1.54148	0.418263
2990	507.998	379.776	2.05388	2.12638	2.10292	0.425184	0.626277	1.48837
2991	500.134	396.617	2.0932	2.11778	2.0722	1.48351	0.447412	0.599189
2997	273.219	437.593	2.2695	2.16339	1.85029	0.243271	1.16842	0.838423
2998	158.142	384.856	2.01232	2.29198	1.97889	0.419839	1.40928	0.726152
2999	101.286	288.536	2.33705	1.75944	2.1867	0.889079	0.20427	1.3728
3000	122.805	299.926	2.43909	2.04289	1.8012	0.13556	0.765042	1.157
3025	72.1771	395.525	2.04174	2.00404	2.23741	0.0710038	1.0477	1.07302
3027	29.2281	405.844	2.16201	2.06416	2.05702	1.46614	0.437635	0.643369
3118	478.685	127.991	2.42484	1.63484	2.22351	1.21	0.0982479	1.11417
3119	457.639	144.161	2.31826	1.88637	2.07855	0.243466	1.28274	0.699718
3120	466.949	170.516	2.12644	1.92585	2.2309	0.723659	0.39179	1.45501
3185	40.9483	164.811	1.98555	2.2281	2.06953	0.177648	1.21241	0.936404
3187	58.14	148.613	2.1952	2.16987	1.91812	0.689255	0.269803	1.3674
3188	48.7591	126.931	2.18949	1.88695	2.20675	1.50309	0.535125	0.559617
3189	401.191	91.3975	2.16478	2.20989	1.90852	0.194455	0.759803	1.2994
3190	416.232	86.8442	2.09911	2.14382	2.04025	1.22506	0.204932	0.844623
3191	420.74	61.4201	2.10536	2.1266	2.05122	0.137814	0.887798	1.20111
3192	395.628	42.0934	2.09202	2.03711	2.15406	1.18072	0.103688	0.94232
3193	373.764	52.6156	2.2223	2.06317	1.99772	0.0110935	0.987767	1.04268
3194	373.067	68.5215	2.20984	1.96892	2.10442	1.14874	0.0965252	1.0084
3195	413.988	128.381	2.37494	1.94103	1.96721	0.134372	1.11798	0.836144
3196	402.957	125.576	2.30997	1.92383	2.04938	0.664764	0.359928	1.51491
3197	381.405	156.944	2.08402	1.85164	2.34752	0.440026	1.52781	0.485793
3198	420.138	169.779	2.03818	2.32761	1.9174	0.871629	0.0870707	1.10616
3199	400.602	180.301	1.7647	2.27209	2.24639	0.194382	0.928814	1.33043
3231	143.661	20.5871	2.40287	2.10059	1.77972	0.181595	0.708267	1.23189
3232	132.564	51.7574	2.20996	2.14497	1.92825	1.44701	0.482884	0.622097
3233	114.377	52.0379	1.93898	2.12893	2.21528	0.58588	0.52176	1.49125
3238	485.244	473.651	2.22645	1.93841	2.11832	0.0841108	1.14327	0.885095
3239	506.285	460.99	1.98238	1.99623	2.30458	1.18329	0.0309988	0.960189
3311	61.3737	214.341	2.04402	1.94683	2.29234	1.52282	0.472606	0.549402
3312	24.3899	218.98	2.23634	1.90352	2.14333	0.327854	0.743813	1.27961
3313	73.0439	235.662	2.10155	2.1	2.08164	0.549966	0.490852	1.54163
3317	74.5855	277.913	2.17537	2.32319	1.78463	0.762277	0.130039	1.21772
3318	56.0699	288.992	1.84857	2.2884	2.14621	0.107268	0.965838	1.25147
3319	35.4433	269.631	1.98709	2.24497	2.05113	1.33103	0.305466	0.68808
3320	42.2834	250.138	2.32162	1.96494	1.99662	0.353324	0.644988	1.33579
3321	64.7838	248.862	2.25704	1.83954	2.18661	1.45393	0.594364	0.534156
3322	53.0851	352.288	2.23454	2.20172	1.84692	1.10028	0.176822	0.940447
3323	52.8091	336.042	1.92826	2.40712	1.94781	0.246642	1.22054	0.956917
3324	64.856	361.177	2.17219	2.04783	2.06317	0.162054	0.86953	1.18597
3325	71.1588	315.014	2.25461	2.27117	1.75741	0.460609	0.418095	1.5454
3326	79.953	315.164	2.22913	1.88783	2.16623	0.439115	1.52223	0.504798
3333	238.226	430.763	2.30014	1.93806	2.04499	0.6135	0.408995	1.55906
3334	166.732	482.323	2.07964	1.95325	2.25029	0.0727972	1.05235	1.04942
3335	275.482	463.616	2.4404	1.78191	2.06088	1.13348	0.103037	1.11716
3337	300.997	489.004	2.36003	2.12178	1.80138	0.392099	0.508589	1.45299
3340	164.029	406.698	2.27307	2.07209	1.93802	0.873245	0.0957665	1.2323
3341	187.702	436.229	2.21445	2.05073	2.018	1.15439	0.145394	0.961833
3342	188.553	418.212	2.15722	2.16335	1.96261	0.0532028	1.03451	1.02847
3343	169.442	367.844	2.0924	2.20135	1.98944	0.480367	0.514353	1.56055
3345	152.926	341.839	2.10863	2.04948	2.12507	1.52144	0.458907	0.59541
3346	160.529	326.765	2.13397	2.0741	2.07511	0.46763	0.569925	1.50468
3347	174.525	326.258	2.0453	2.09602	2.14187	1.55754	0.486606	0.536043
3348	185.947	344.419	2.06937	2.09431	2.1195	0.473283	0.586469	1.52044
3349	136.1	381.642	2.21747	2.17873	1.88698	0.606858	0.336632	1.44537
3350	88.0428	387.287	1.87784	2.21718	2.18817	1.07737	0.0167143	0.955633
3351	117.594	401.398	1.87804	2.18431	2.22084	0.186284	1.2967	0.90587
3353	14.5423	474.288	2.18474	1.92327	2.17517	0.125255	0.962332	1.08689
3364	27.4577	435.672	1.96652	2.11083	2.20583	1.419	0.316087	0.667174
3365	36.4033	416.458	2.3462	1.82558	2.11141	0.578655	0.477048	1.49144
3457	123.023	491.062	2.30678	1.79088	2.18553	1.49831	0.550516	0.602874
3458	127.703	10.7823	2.46668	1.8321	1.98441	0.888415	0.103788	1.33713
3459	84.0414	2.64858	2.21441	1.74401	2.32477	0.338751	0.823634	1.21075
3480	194.403	414.662	1.72683	2.37652	2.17984	0.927068	0.162853	1.02627
3483	238.934	409.305	1.80194	2.51949	1.96176	0.0626988	0.918181	1.32244
3484	233.895	423.48	1.69267	2.26346	2.32705	0.504775	1.47329	0.626955
3485	240.659	474.367	2.27252	2.20838	1.80229	0.819393	0.0817512	1.21801
3486	221.699	485.949	1.95493	2.2783	2.04995	0.0449714	0.980005	1.18412
3487	230.436	443.188	2.26469	1.76254	2.25595	1.44921	0.564404	0.567942
3488	200.651	446.934	2.32565	1.88049	2.07705	0.282852	0.755673	1.2231
3489	196.814	467.487	2.02453	2.04511	2.21355	1.19684	0.0900614	0.922202
3493	69.8753	422.582	2.3058	2.20362	1.77377	0.236937	1.12382	0.864871
3495	83.6762	354.884	2.01852	2.05454	2.21012	1.32594	0.220875	0.788385
3496	91.5111	362.397	2.1874	1.89904	2.19675	0.287304	0.811069	1.23682
3497	91.0978	332.237	1.98793	2.04865	2.2466	0.415649	0.70765	1.43998
3498	122.294	356.484	2.21839	1.88288	2.18192	1.53052	0.439563	0.669631
3499	127.876	344.028	2.15522	2.07927	2.0487	0.406039	0.61831	1.44567
3500	115.369	328.291	2.21362	2.08119	1.98838	1.36321	0.369023	0.737788
3549	119.715	411.622	2.16879	1.94353	2.17086	0.879848	0.205583	1.28998
3550	143.663	421.563	2.11763	2.24096	1.92459	0.118535	1.08083	1.00195
3554	70.3505	444.166	2.30191	2.08898	1.8923	1.12894	0.182791	0.968163
3557	40.9442	464.556	2.23243	1.86674	2.18402	1.37627	0.284259	0.831956
3558	43.8472	453.646	1.96661	2.17437	2.14221	0.243975	0.827129	1.33116
3561	152.136	472.256	2.02372	2.297	1.96247	1.16271	0.181479	0.83038
3563	248.441	347.226	2.15284	2.07697	2.05338	0.506311	0.520377	1.5448
3564	234.055	324.788	2.17315	2.06163	2.0484	1.48491	0.460708	0.625866
3566	12.5318	130.281	2.1144	1.77343	2.39536	0.4214	0.77628	1.30811
3567	10.1483	151.776	1.86073	1.96776	2.45469	1.0408	0.186546	1.11691
3569	372.293	321.922	1.68812	2.30409	2.29097	1.43254	0.287059	0.557003
3570	359.167	323.66	2.07309	2.0864	2.12369	0.402561	0.659285	1.44576
3572	111.425	453.402	2.0912	2.02571	2.16627	1.43773	0.354593	0.691009
3573	86.9893	458.441	2.22915	2.06703	1.987	0.252876	0.740626	1.28639
3575	495.616	200.644	2.37313	2.02962	1.88043	1.11469	0.174471	1.0121
3576	493.872	176.426	2.05831	2.36612	1.85876	0.325561	1.25494	0.857498
3578	211.401	182.772	1.95078	2.13354	2.19886	0.304927	0.794505	1.3717
3579	205.79	202.867	2.06966	2.10395	2.10958	1.30709	0.252301	0.782526
3581	207.31	144.051	2.24022	1.81269	2.23027	0.808485	0.306652	1.42676
3582	204.122	134.153	1.81331	2.24463	2.22524	0.321318	1.43394	0.800996
3584	155.546	449.826	2.08774	2.12169	2.07376	0.126891	0.90999	1.18773
3587	440.275	448.227	2.11213	1.85851	2.31255	0.568589	0.587686	1.49784
3588	471.151	449.892	2.09548	2.27703	1.91067	0.469197	1.42453	0.669319
3590	230.466	110.272	1.93143	2.30711	2.04465	1.28438	0.262062	0.703653
3591	255.077	130.146	1.83156	2.2322	2.21943	0.0242849	1.08543	1.14038
3593	83.0112	23.9306	1.83363	2.00871	2.44084	0.965184	0.255237	1.17205
3594	106.019	31.3313	2.07186	1.94572	2.26561	0.223665	1.35647	0.749195
3596	496.121	244.567	2.12291	1.9351	2.22518	0.669983	0.442604	1.50406
3600	213.789	386.687	1.96064	2.11536	2.20718	1.323	0.21941	0.76091
3602	396.167	355.05	2.11913	1.96062	2.20343	0.992522	0.109193	1.16876
3603	414.858	364.811	2.29373	1.85371	2.13575	0.0573624	1.01051	0.984216
3605	174.43	367.624	1.96256	2.24491	2.07571	1.44197	0.404111	0.577171
3606	195.84	392.116	1.99543	1.92816	2.35959	0.279374	0.900423	1.24345
3608	21.9253	230.66	2.12616	1.76752	2.3895	1.27103	0.0762739	0.986807
3609	509.899	246.8	2.37019	1.72496	2.18803	0.22506	1.31908	0.637421
3611	33.6308	394.984	1.98087	2.22928	2.07304	0.307021	0.729499	1.42166
3612	60.7793	387.372	2.03734	2.24732	1.99852	1.17306	0.173793	0.844877
3614	142.926	440.156	2.18496	2.23236	1.86586	1.13213	0.1992	0.893281
3615	113.753	447.773	1.81774	2.21834	2.2471	0.406507	0.717044	1.51568
3617	73.294	419.957	1.90033	2.20291	2.17995	0.904485	0.185489	1.13565
3618	103.277	428.704	2.05312	1.87305	2.35702	0.26038	1.43889	0.676143
3620	349.921	390.11	1.88856	2.13391	2.26072	1.27501	0.144653	0.799629
3621	358.55	364.977	2.30081	1.81021	2.17216	0.511701	0.574378	1.41681
Edges
id	vertex1	vertex2	xflag	yflag	tension	length	_cell1	_cell2
1	2979	2498	0	0	10	17.335	1	51
2	2498	2499	0	0	10	26.7036	1	105
3	2499	1794	0	0	10	18.6929	1	66
4	1794	3564	0	0	10	19.6964	1	84
6	3563	2979	0	0	10	19.4172	1	94
7	2765	2761	0	0	10	28.8395	2	153
8	2761	2760	0	0	10	22.7793	2	60
9	2760	2763	0	0	10	24.1956	2	11
10	2763	2762	0	0	10	12.3103	2	50
11	2762	2764	0	0	10	26.6233	2	103
12	2764	2765	0	0	10	22.4854	2	91
13	3498	3349	0	0	10	28.6972	3	155
14	3349	3351	0	0	10	27.0699	3	43
15	3351	3350	0	0	10	32.747	3	101
16	3350	3496	0	0	10	25.1307	3	121
17	3496	3498	0	0	10	31.346	3	198
18	1783	1782	0	0	10	25.1953	4	156
19	1782	1781	0	0	10	19.8317	4	22
20	1781	1780	0	0	10	30.7862	4	170
21	1780	1784	0	0	10	28.9761	4	61
22	1784	1783	0	0	10	27.0742	4	62
23	886	376	0	0	10	24.5718	5	133
24	376	2141	0	1	10	31.4031	5	141
25	2141	1413	0	0	10	18.4326	5	138
26	1413	2135	0	0	10	18.6392	5	135
27	2135	888	0	1	10	32.6867	5	44
28	888	886	0	0	10	12.0117	5	163
29	2184	3572	0	0	10	30.6513	6	57
30	3572	3615	0	0	10	6.0914	6	194
31	3584	3561	0	0	10	22.688	6	106
32	3561	2184	0	0	10	22.6128	6	79
33	3198	2669	0	0	10	8.04646	7	25
34	2669	2668	0	0	10	22.8017	7	176
35	2668	2661	0	0	10	27.6315	7	137
36	2661	2660	0	0	10	3.90896	7	15
37	2660	2043	0	0	10	33.2794	7	184
38	2043	3199	0	0	10	13.9032	7	12
39	3199	3198	0	0	10	22.189	7	160
40	2751	2632	0	0	10	20.1164	8	151
41	2632	1396	0	0	10	30.4141	8	130
42	1396	761	1	0	10	19.1944	8	131
43	761	1402	0	0	10	14.0434	8	82
44	1402	2750	1	0	10	27.9424	8	42
45	2750	2751	0	0	10	23.0062	8	152
46	2182	3486	0	1	10	10.1283	9	38
47	3486	3485	0	0	10	22.2186	9	129
48	3485	797	0	0	10	12.1677	9	59
49	797	798	0	1	10	22.1869	9	168
50	798	324	0	0	10	20.0116	9	139
51	324	2181	0	0	10	9.6857	9	46
52	2181	2182	0	0	10	22.5822	9	107
53	3480	3342	0	0	10	6.84314	10	188
54	3342	3340	0	0	10	27.092	10	16
55	3340	2998	0	0	10	22.6211	10	43
56	2998	3343	0	0	10	20.4226	10	155
57	3343	3605	0	0	10	4.99318	10	30
58	3606	3480	0	0	10	22.592	10	193
59	2760	2146	0	0	10	21.0339	11	60
60	2146	2148	0	0	10	31.7906	11	192
61	2148	2147	0	0	10	15.7029	11	83
62	2147	2763	0	0	10	27.1634	11	50
63	2043	2208	0	0	10	22.8456	12	184
64	2208	2209	0	0	10	25.1521	12	122
65	2209	1443	0	0	10	18.1621	12	162
66	1443	2145	0	0	10	18.7651	12	83
67	2145	3197	0	0	10	15.7547	12	192
68	3197	3199	0	0	10	30.2332	12	160
69	2811	2743	0	0	10	26.0955	13	71
70	2743	2740	0	0	10	24.864	13	31
71	2740	1403	0	0	10	18.5088	13	82
72	1403	1406	0	0	10	22.2955	13	150
73	1406	2810	0	0	10	29.7168	13	146
74	2810	2811	0	0	10	15.1622	13	149
75	3325	2973	0	0	10	26.0239	14	74
76	2973	3318	0	0	10	5.65957	14	98
77	3318	3317	0	0	10	21.5775	14	114
78	3317	2971	0	0	10	26.8101	14	140
79	2971	2999	0	0	10	3.36658	14	45
80	2999	3326	0	0	10	34.1196	14	175
81	3326	3325	0	0	10	8.79557	14	80
82	2666	2662	0	0	10	21.1706	15	195
83	2662	2660	0	0	10	22.8536	15	184
84	2661	2664	0	0	10	30.8924	15	137
85	2664	2663	0	0	10	15.6602	15	178
86	2663	2665	0	0	10	17.5432	15	65
87	2665	2666	0	0	10	12.4647	15	21
88	3550	3340	0	0	10	25.2145	16	43
89	3342	3341	0	0	10	18.0368	16	188
90	3341	3584	0	0	10	34.9131	16	106
92	3614	3550	0	0	10	18.6073	16	191
93	2975	2941	0	0	10	16.8506	17	63
94	2941	1984	1	0	10	15.6739	17	117
95	1984	1982	0	0	10	25.2824	17	104
96	1982	1999	0	0	10	20.129	17	179
97	1999	2939	1	0	10	15.665	17	37
98	2939	2974	0	0	10	22.524	17	98
99	2974	2975	0	0	10	16.383	17	74
100	3324	3612	0	0	10	26.511	18	121
101	3611	2948	0	0	10	23.0143	18	119
102	2948	2949	0	0	10	17.7884	18	117
103	2949	3322	0	0	10	28.7043	18	63
104	3322	3324	0	0	10	14.7497	18	80
105	2658	2656	0	0	10	31.4499	19	200
106	2656	2657	0	0	10	29.7746	19	178
107	2657	2655	0	0	10	19.1341	19	137
108	2655	3575	0	0	10	29.553	19	99
109	3575	2658	0	0	10	18.0798	19	68
110	3196	2744	0	0	10	17.8353	20	192
111	2744	3189	0	0	10	19.6	20	60
112	3189	3190	0	0	10	15.7152	20	76
113	3190	2746	0	0	10	24.9727	20	157
114	2746	2745	0	0	10	14.7394	20	182
115	2745	3195	0	0	10	21.8556	20	25
116	3195	3196	0	0	10	11.3828	20	160
117	2665	821	0	0	10	20.8189	21	65
118	821	819	0	0	10	27.1256	21	166
119	819	820	0	0	10	16.2615	21	54
120	820	1446	0	0	10	13.678	21	69
121	1446	2666	0	0	10	36.4776	21	195
122	1782	818	0	0	10	23.9377	22	156
123	818	817	0	0	10	8.92666	22	26
124	817	1100	0	0	10	20.3554	22	78
125	1100	1101	0	0	10	24.3324	22	49
126	1101	1781	0	0	10	11.5477	22	170
127	893	3620	0	0	10	25.8129	23	73
128	3621	890	0	0	10	23.3873	23	87
129	890	892	0	0	10	28.6093	23	33
130	892	893	0	0	10	19.8196	23	34
131	2210	1445	0	0	10	17.9956	24	184
132	1445	1444	0	0	10	32.497	24	195
133	1444	823	0	0	10	13.1035	24	69
134	823	822	0	0	10	24.609	24	26
135	822	824	0	0	10	31.7859	24	156
136	824	2211	0	0	10	7.05626	24	62
137	2211	2210	0	0	10	29.7502	24	122
138	2745	2670	0	0	10	32.2311	25	182
139	2670	2669	0	0	10	38.0821	25	176
140	3198	3195	0	0	10	41.8517	25	160
141	823	816	0	0	10	35.1362	26	69
142	816	815	0	0	10	12.7558	26	181
143	815	817	0	0	10	37.2892	26	78
144	818	822	0	0	10	24.4689	26	156
145	3557	3353	0	0	10	28.1386	27	120
146	3353	3239	1	0	10	23.4251	27	180
147	3239	2546	0	0	10	19.9512	27	158
148	2546	3364	1	0	10	28.9644	27	93
149	3364	3558	0	0	10	24.3243	27	41
150	3558	3557	0	0	10	11.2897	27	154
151	3233	2794	0	0	10	15.9745	28	90
152	2794	1405	0	0	10	25.1345	28	146
153	1405	1408	0	0	10	28.5526	28	150
154	1408	3593	0	0	10	21.9707	28	109
155	3594	3233	0	0	10	22.3296	28	171
156	2972	2473	0	0	10	26.0629	29	124
157	2473	1093	0	0	10	22.5375	29	102
158	1093	1779	0	0	10	39.0383	29	199
159	1779	2970	0	0	10	18.9965	29	45
160	2970	2972	0	0	10	36.2462	29	140
161	3343	3345	0	0	10	30.8065	30	155
162	3345	3346	0	0	10	16.8834	30	35
163	3346	3347	0	0	10	14.0054	30	183
164	3347	3348	0	0	10	21.4539	30	66
165	3348	3605	0	0	10	25.9053	30	105
169	3566	2739	0	0	10	11.6448	31	125
170	2739	2741	0	0	10	26.0349	31	42
171	2741	2740	0	0	10	23.1558	31	82
172	2743	3188	0	0	10	9.68448	31	71
173	3188	3566	0	0	10	36.3819	31	144
174	3581	570	0	0	10	27.4416	32	113
175	570	568	0	0	10	23.283	32	88
176	568	3578	0	0	10	20.6078	32	169
177	3578	318	0	0	10	26.4154	32	89
178	318	3581	0	0	10	21.8329	32	174
180	1532	892	0	0	10	16.8617	33	34
181	890	3602	0	0	10	18.7275	33	87
182	3603	1535	0	0	10	25.1541	33	116
183	1535	1532	0	0	10	18.2685	33	126
184	1533	887	0	0	10	16.0487	34	133
185	887	889	0	0	10	31.326	34	163
186	889	893	0	0	10	22.3342	34	73
187	1532	1533	0	0	10	32.8426	34	126
188	3500	3000	0	0	10	29.3236	35	175
189	3000	2500	0	0	10	17.2638	35	45
190	2500	3346	0	0	10	36.9788	35	183
191	3345	3499	0	0	10	25.1451	35	155
192	3499	3500	0	0	10	20.1021	35	198
193	2150	804	0	0	10	30.9895	36	91
194	804	801	0	0	10	27.3925	36	139
195	801	3337	0	1	10	20.4638	36	168
196	3337	2496	0	0	10	4.37876	36	197
197	2496	1410	0	1	10	47.2023	36	173
198	1410	2149	0	0	10	9.59594	36	135
199	2149	2150	0	0	10	15.0891	36	153
200	3609	2969	1	0	10	29.232	37	186
201	2969	2939	0	0	10	21.9248	37	98
202	1999	1998	0	0	10	31.4887	37	179
203	1998	3596	0	0	10	31.5621	37	178
205	2183	1431	0	0	10	29.3219	38	145
206	1431	3334	0	1	10	11.5997	38	79
207	3334	3489	0	0	10	33.5416	38	106
208	3489	3486	0	0	10	30.9848	38	129
209	2182	2183	0	0	10	28.2182	38	107
210	3312	1777	0	0	10	14.6467	39	200
211	1777	1778	0	0	10	19.3993	39	68
212	1778	2131	0	0	10	25.5913	39	86
213	2131	2132	0	0	10	22.5571	39	55
214	2132	2475	0	0	10	16.6505	39	190
215	2475	3311	0	0	10	12.8956	39	124
216	3311	3312	0	0	10	37.2735	39	196
217	2207	2205	0	0	10	34.4568	40	50
218	2205	2203	0	0	10	12.1649	40	83
219	2203	2204	0	0	10	28.6054	40	162
220	2204	2206	0	0	10	30.0446	40	96
221	2206	2207	0	0	10	20.1061	40	110
222	3364	3365	0	0	10	21.1941	41	93
223	3365	3493	0	0	10	34.0276	41	185
224	3493	3554	0	0	10	21.5884	41	194
225	3554	3558	0	0	10	28.1478	41	154
226	2739	2749	1	0	10	32.2532	42	125
227	2749	2750	0	0	10	29.9804	42	152
228	1402	2741	0	0	10	24.5692	42	82
229	3549	3351	0	0	10	10.4419	43	101
230	3349	2998	0	0	10	22.2756	43	155
231	3550	3549	0	0	10	25.9297	43	191
232	1790	888	0	0	10	25.2492	44	163
233	2135	2134	0	0	10	28.9256	44	135
234	2134	1792	0	1	10	23.4748	44	173
235	1792	1790	0	0	10	25.8199	44	128
236	2971	2970	0	0	10	22.1838	45	140
237	1779	2480	0	0	10	16.9932	45	199
238	2480	2477	0	0	10	12.6323	45	77
239	2477	2500	0	0	10	20.9301	45	183
240	3000	2999	0	0	10	24.3472	45	175
241	324	811	0	0	10	22.0533	46	139
242	811	814	0	0	10	36.3895	46	189
243	814	325	0	0	10	10.2221	46	108
244	325	2179	0	0	10	18.8245	46	112
245	2179	2181	0	0	10	40.923	46	107
246	2816	2814	0	0	10	22.3783	47	102
247	2814	2813	0	0	10	21.819	47	167
248	2813	2812	0	0	10	27.3009	47	172
249	2812	2815	0	0	10	18.1595	47	174
250	2815	2817	0	0	10	23.694	47	89
251	2817	2816	0	0	10	22.9565	47	148
252	2495	2487	0	0	10	36.4467	48	132
253	2487	1110	0	0	10	34.8868	48	73
254	1110	1791	0	0	10	15.1481	48	163
255	1791	2493	0	0	10	40.4728	48	128
256	2493	2495	0	0	10	25.3601	48	197
257	1109	1106	0	0	10	23.4742	49	81
258	1106	1105	0	0	10	30.6994	49	70
259	1105	1101	0	0	10	15.8398	49	170
260	1100	1108	0	0	10	26.7967	49	78
261	1108	1109	0	0	10	16.4918	49	53
262	2147	2205	0	0	10	18.5886	50	83
263	2207	802	0	0	10	11.7962	50	110
264	802	2762	0	0	10	37.9068	50	103
265	3600	2498	0	0	10	22.9936	51	105
266	2979	2977	0	0	10	37.788	51	94
267	2977	3483	0	0	10	19.0207	51	64
268	3483	3600	0	0	10	33.8204	51	193
269	2481	1099	0	0	10	26.9138	52	75
270	1099	1786	0	0	10	26.4094	52	84
271	1786	1785	0	0	10	20.0703	52	66
272	1785	2476	0	0	10	29.0883	52	183
273	2476	2481	0	0	10	27.2766	52	77
274	2483	1109	0	0	10	4.94766	53	81
275	1108	1107	0	0	10	31.5712	53	78
276	1107	1788	0	0	10	16.8444	53	181
277	1788	2484	0	0	10	14.6386	53	147
278	2484	2483	0	0	10	35.7841	53	123
279	819	731	0	0	10	29.3769	54	166
280	731	732	0	0	10	20.944	54	58
281	732	3569	0	0	10	30.1733	54	87
283	3569	820	0	0	10	32.222	54	69
284	3187	2201	0	0	10	27.2256	55	71
285	2201	2200	0	0	10	12.8889	55	167
286	2200	2132	0	0	10	31.9978	55	190
287	2131	3185	0	0	10	14.8805	55	86
288	3185	3187	0	0	10	23.6209	55	144
289	3582	1439	0	0	10	20.0791	56	174
290	1439	1436	0	0	10	30.6584	56	134
291	1436	1437	0	0	10	17.4544	56	112
292	1437	1438	0	0	10	26.3029	56	108
293	1438	3582	0	0	10	26.4478	56	113
294	2184	3457	0	0	10	15.201	57	79
295	3457	3459	0	1	10	39.2877	57	97
296	3459	793	0	1	10	9.17348	57	109
297	793	3573	0	0	10	32.2931	57	154
299	735	734	0	0	10	16.8516	58	143
300	734	3603	0	0	10	21.9625	58	116
301	3602	732	0	0	10	13.5864	58	87
302	731	736	0	0	10	22.948	58	166
303	736	735	0	0	10	11.7394	58	85
304	3487	3333	0	0	10	14.6656	59	188
305	3333	2997	0	0	10	35.6535	59	64
306	2997	3335	0	0	10	26.121	59	197
307	3335	797	0	0	10	28.0892	59	168
308	3485	3487	0	0	10	32.8119	59	129
309	2744	2146	0	0	10	19.5836	60	192
310	2761	3194	0	0	10	13.8772	60	153
311	3194	3189	0	0	10	36.2526	60	76
312	1780	1098	0	0	10	8.835	61	170
313	1098	1094	0	0	10	26.0212	61	118
314	1094	1096	0	0	10	18.0697	61	169
315	1096	1097	0	0	10	20.4168	61	88
316	1097	1095	0	0	10	25.3555	61	96
317	1095	1784	0	0	10	12.7598	61	62
318	824	1783	0	0	10	25.8613	62	156
319	1095	1442	0	0	10	21.9608	62	96
320	1442	2212	0	0	10	27.3724	62	162
321	2212	2211	0	0	10	23.4745	62	122
322	2949	2941	0	0	10	27.8181	63	117
323	2975	3323	0	0	10	32.7336	63	74
324	3323	3322	0	0	10	16.2493	63	80
325	2977	2978	0	0	10	21.4084	64	94
326	2978	2488	0	0	10	9.46308	64	147
327	2488	2494	0	0	10	25.7492	64	132
328	2494	2997	0	0	10	12.2634	64	197
329	3333	3484	0	0	10	8.47337	64	188
330	3484	3483	0	0	10	15.0445	64	193
331	2663	1319	0	0	10	28.4563	65	178
332	1319	1320	0	0	10	23.4119	65	179
333	1320	730	0	0	10	11.0242	65	85
334	730	821	0	0	10	24.3165	65	166
335	3347	1785	0	0	10	18.577	66	183
336	1786	1794	0	0	10	19.0102	66	84
337	2499	3348	0	0	10	20.3099	66	105
338	3231	2178	0	0	10	10.0602	67	79
339	2178	2177	0	0	10	40.5966	67	145
340	2177	2176	0	0	10	15.9189	67	112
341	2176	2793	0	0	10	30.5213	67	72
342	2793	3232	0	0	10	16.3057	67	90
343	3232	3231	0	0	10	33.0868	67	171
344	2129	1778	0	0	10	34.1413	68	86
345	1777	2658	1	0	10	16.4302	68	200
347	3576	2130	0	0	10	20.7079	68	159
348	2130	2129	1	0	10	4.21255	68	125
349	3570	816	0	0	10	15.4184	69	181
350	1444	1446	0	0	10	18.4083	69	195
351	1106	1103	0	0	10	19.7111	70	81
352	1103	1102	0	0	10	31.5278	70	84
353	1102	1104	0	0	10	27.7439	70	75
354	1104	1105	0	0	10	27.4629	70	170
355	2811	2806	0	0	10	28.5806	71	149
356	2806	2201	0	0	10	12.7409	71	167
357	3187	3188	0	0	10	23.6237	71	144
358	2176	796	0	0	10	28.0673	72	112
359	796	795	0	0	10	29.1762	72	134
360	795	2796	0	0	10	28.2035	72	161
361	2796	2793	0	0	10	20.0017	72	90
362	2486	3620	0	0	10	21.5027	73	95
364	889	1110	0	0	10	13.3369	73	163
365	2487	2486	0	0	10	14.9849	73	132
366	2974	2973	0	0	10	36.4339	74	98
367	3325	3323	0	0	10	27.9085	74	80
368	2482	1776	0	0	10	18.1821	75	92
369	1776	574	0	0	10	24.1032	75	118
370	574	1104	0	0	10	10.805	75	170
371	1102	1099	0	0	10	5.74485	75	84
372	2481	2482	0	0	10	17.288	75	77
373	3193	3192	0	0	10	24.2635	76	135
374	3192	3191	0	0	10	31.6885	76	138
375	3191	3190	0	0	10	25.8207	76	157
376	3194	3193	0	0	10	15.9212	76	153
377	2476	2477	0	0	10	23.7039	77	183
378	2480	2479	0	0	10	33.6256	77	199
379	2479	2478	0	0	10	15.8825	77	148
380	2478	2482	0	0	10	25.5765	77	92
381	815	1107	0	0	10	25.708	78	181
382	3561	3334	0	0	10	17.7311	79	106
383	1431	2178	0	0	10	22.9427	79	145
384	3231	3458	0	0	10	18.7293	79	171
385	3458	3457	0	1	10	13.8409	79	97
386	3495	3324	0	0	10	19.8442	80	121
387	3326	3497	0	0	10	20.3886	80	175
388	3497	3495	0	0	10	23.8323	80	198
389	3564	1103	0	0	10	14.0339	81	84
390	2483	2981	0	0	10	30.4349	81	123
391	2981	3563	0	0	10	6.72328	81	94
392	761	1404	0	0	10	28.5724	82	131
393	1404	1403	0	0	10	21.2724	82	150
394	2148	2145	0	0	10	16.7588	83	192
395	1443	2203	0	0	10	21.4702	83	162
396	1986	735	0	0	10	25.6424	85	143
397	736	730	0	0	10	34.0778	85	166
398	1320	1983	0	0	10	26.9173	85	179
399	1983	1986	0	0	10	22.5653	85	104
400	2129	3567	0	0	10	13.6213	86	125
401	3567	3185	0	0	10	33.445	86	144
402	3621	379	0	0	10	17.4621	87	95
403	379	3570	0	0	10	29.4399	87	181
405	1096	568	0	0	10	23.572	88	169
406	570	572	0	0	10	24.6641	88	113
407	572	573	0	0	10	25.7248	88	110
408	573	1097	0	0	10	29.2449	88	96
409	2815	318	0	0	10	23.6413	89	174
411	3579	1773	0	0	10	21.0678	89	92
412	1773	2817	0	0	10	29.1106	89	148
413	2796	2795	0	0	10	15.1473	90	161
414	2795	2794	0	0	10	22.7813	90	146
415	3233	3232	0	0	10	18.1892	90	171
416	2764	807	0	0	10	19.4795	91	103
417	807	806	0	0	10	4.14764	91	187
418	806	803	0	0	10	32.4758	91	177
419	803	804	0	0	10	10.9755	91	139
420	2150	2765	0	0	10	17.8084	91	153
421	2478	1773	0	0	10	26.258	92	148
422	3579	1774	0	0	10	18.1946	92	169
423	1774	1776	0	0	10	27.7235	92	118
424	2546	1528	0	0	10	15.8771	93	158
425	1528	2491	0	0	10	22.1045	93	127
426	2491	3027	1	0	10	31.5798	93	119
427	3027	3365	0	0	10	12.8117	93	185
428	2981	2976	0	0	10	37.2522	94	123
429	2976	2978	0	0	10	23.53	94	147
430	2485	1787	0	0	10	35.0089	95	147
431	1787	379	0	0	10	21.6517	95	181
432	2486	2485	0	0	10	12.6207	95	132
433	2204	1442	0	0	10	15.3842	96	162
434	573	2206	0	0	10	12.0305	96	110
435	3458	3594	0	0	10	29.8739	97	171
436	3593	3459	0	0	10	21.3069	97	109
437	2969	3319	0	0	10	23.928	98	186
438	3319	3318	0	0	10	28.2901	98	114
439	2655	2667	0	0	10	24.2529	99	137
440	2667	3120	0	0	10	27.1246	99	176
441	3120	3576	0	0	10	27.5643	99	159
442	2991	1526	0	0	10	14.3411	100	127
443	1526	742	0	0	10	23.152	100	164
444	742	1987	0	0	10	20.0289	100	143
445	1987	1985	0	0	10	11.8693	100	104
446	1985	2990	0	0	10	24.7159	100	117
447	2990	2991	0	0	10	18.5867	100	119
448	3617	3025	0	0	10	24.4574	101	185
449	3025	3350	0	0	10	17.877	101	121
450	3549	3618	0	0	10	23.7065	101	191
451	2816	1092	0	0	10	21.2745	102	148
452	1092	1093	0	0	10	12.1472	102	199
453	2473	2474	0	0	10	9.65582	102	124
454	2474	2202	0	0	10	24.7863	102	190
455	2202	2814	0	0	10	14.1774	102	167
456	802	808	0	0	10	10.2172	103	110
457	808	807	0	0	10	40.8982	103	187
458	1983	1982	0	0	10	16.9244	104	179
459	1984	1985	0	0	10	26.0655	104	117
460	1987	1986	0	0	10	26.7582	104	143
462	3341	3488	0	0	10	16.8014	106	188
463	3488	3489	0	0	10	20.9079	106	129
464	2179	2180	0	0	10	15.7069	107	112
465	2180	2183	0	0	10	32.1464	107	145
466	1437	325	0	0	10	24.1975	108	112
467	814	813	0	0	10	24.2298	108	189
468	813	3590	0	0	10	20.7748	108	136
470	3590	1438	0	0	10	11.875	108	113
472	1408	1407	0	0	10	19.4301	109	150
473	1407	791	0	0	10	6.7617	109	131
474	791	792	0	0	10	21.4543	109	165
475	792	794	0	1	10	21.5982	109	120
476	794	793	0	0	10	16.6756	109	154
477	572	3591	0	0	10	11.8005	110	113
478	3591	809	0	0	10	16.1871	110	136
479	809	808	0	0	10	20.2947	110	187
480	2753	2631	0	0	10	26.0318	111	130
481	2631	2144	0	0	10	19.2314	111	151
482	2144	2241	0	1	10	26.6038	111	141
483	2241	2240	0	0	10	30.6954	111	115
484	2240	3238	0	0	10	8.62686	111	158
485	3238	2753	0	1	10	30.1016	111	180
486	1436	796	0	0	10	8.29444	112	134
487	2177	2180	0	0	10	14.9144	112	145
488	3321	3317	0	0	10	30.6596	114	140
489	3319	3320	0	0	10	20.6577	114	186
490	3320	3321	0	0	10	22.5366	114	196
491	2241	2238	0	0	10	25.6028	115	141
492	2238	3587	0	0	10	27.1807	115	133
493	3588	2240	0	0	10	21.485	115	158
494	734	179	0	0	10	27.9138	116	143
495	179	1536	0	0	10	19.4561	116	164
496	1536	1535	0	0	10	25.7964	116	126
497	2948	2990	1	0	10	22.2848	117	119
498	1774	1094	0	0	10	24.9327	118	169
499	1098	574	0	0	10	29.5163	118	170
500	2491	2991	0	0	10	15.1612	119	127
502	3611	3027	0	0	10	11.719	119	185
503	792	787	0	1	10	35.448	120	165
504	787	3353	0	0	10	18.0254	120	180
505	3557	794	0	0	10	33.3118	120	154
506	3025	3612	0	0	10	14.0136	121	185
507	3495	3496	0	0	10	10.8548	121	198
508	2212	2209	0	0	10	28.305	122	162
509	2208	2210	0	0	10	26.8164	122	184
510	2484	2976	0	0	10	33.4996	123	147
511	2475	2474	0	0	10	34.8477	124	190
512	2972	3313	0	0	10	19.5808	124	140
513	3313	3311	0	0	10	24.3061	124	196
514	2130	3118	0	0	10	43.3901	125	159
515	3118	2748	0	0	10	10.4313	125	182
516	2748	2749	0	0	10	7.71368	125	152
517	1536	1534	0	0	10	22.1527	126	164
518	1534	1531	0	0	10	28.6657	126	142
519	1531	1533	0	0	10	27.2509	126	133
520	1528	1529	0	0	10	15.9677	127	158
521	1529	1527	0	0	10	16.2934	127	142
522	1527	1526	0	0	10	21.275	127	164
523	1791	1790	0	0	10	20.2	128	163
524	1792	2497	0	0	10	34.0151	128	173
525	2497	2493	0	0	10	20.6254	128	197
526	3488	3487	0	0	10	30.0187	129	188
527	1399	1395	1	0	10	26.23	130	165
528	1395	1396	1	0	10	11.3983	130	131
529	2632	2631	0	0	10	22.2406	130	151
530	2753	1399	0	0	10	16.9497	130	180
531	1395	791	0	0	10	39.0752	131	165
532	1407	1404	0	0	10	24.844	131	150
533	2488	2485	0	0	10	39.6122	132	147
534	2495	2494	0	0	10	18.0222	132	197
535	2238	376	0	0	10	13.9874	133	141
536	886	887	0	0	10	22.4736	133	163
537	1531	3587	0	0	10	10.0947	133	142
539	1439	1435	0	0	10	25.6289	134	174
540	1435	1434	0	0	10	20.0444	134	172
541	1434	795	0	0	10	21.3499	134	161
542	3193	2149	0	0	10	35.5712	135	153
543	1410	2134	0	0	10	19.658	135	173
544	1413	3192	0	0	10	18.0845	135	138
545	812	805	0	0	10	13.7453	136	177
546	805	809	0	0	10	26.7751	136	187
547	813	812	0	0	10	17.9543	136	189
548	2657	2664	0	0	10	22.9776	137	178
549	2668	2667	0	0	10	16.0512	137	176
550	2141	2143	0	0	10	26.3471	138	141
551	2143	2133	0	0	10	24.0236	138	151
552	2133	3191	0	0	10	15.0989	138	157
553	798	801	0	0	10	34.1628	139	168
554	803	810	0	0	10	33.3504	139	177
555	810	811	0	0	10	13.6573	139	189
556	3321	3313	0	0	10	15.5716	140	196
557	2144	2143	0	0	10	19.7141	141	151
558	1534	1527	0	0	10	24.0631	142	164
559	1529	3588	0	0	10	23.4176	142	158
560	742	179	0	0	10	20.8586	143	164
561	1406	1405	0	0	10	17.2943	146	150
562	2795	2809	0	0	10	22.1469	146	161
563	2809	2810	0	0	10	21.224	146	149
564	1788	1787	0	0	10	12.6818	147	181
565	2479	1092	0	0	10	32.2747	148	199
566	2809	2808	0	0	10	30.5537	149	161
567	2808	2807	0	0	10	15.9409	149	172
568	2807	2806	0	0	10	28.0972	149	167
569	2752	2133	0	0	10	24.6575	151	157
570	2751	2752	0	0	10	18.7922	151	152
571	2748	2747	0	0	10	35.7472	152	182
572	2747	2752	0	0	10	26.3609	152	157
573	3554	3573	0	0	10	21.9235	154	194
574	3498	3499	0	0	10	13.6493	155	198
575	2747	2746	0	0	10	14.7173	157	182
576	3239	3238	0	0	10	24.5564	158	180
577	3120	3119	0	0	10	27.9504	159	176
578	3119	3118	0	0	10	26.5412	159	182
579	3197	3196	0	0	10	38.0582	160	192
580	1434	2808	0	0	10	20.9408	161	172
581	1399	787	1	1	10	24.5284	165	180
582	2202	2200	0	0	10	29.9036	167	190
583	2807	2813	0	0	10	18.3743	167	172
584	3335	3337	0	0	10	35.9938	168	197
585	1435	2812	0	0	10	13.7887	172	174
586	2496	2497	0	0	10	14.3043	173	197
587	3500	3497	0	0	10	24.5895	175	198
588	2670	3119	0	0	10	5.29524	176	182
589	806	805	0	0	10	34.9183	177	187
590	812	810	0	0	10	36.0933	177	189
591	2656	3596	0	0	10	4.34317	178	200
593	1998	1319	0	0	10	15.8679	178	179
594	2662	1445	0	0	10	30.0003	184	195
595	3617	3493	0	0	10	4.31024	185	194
597	3608	3320	0	0	10	28.1752	186	196
598	3480	3484	0	0	10	40.464	188	193
599	3615	3618	0	0	10	21.7573	191	194
600	3608	3312	0	0	10	11.938	196	200
601	3563	3564	0	0	10	26.6544	81	1
602	3566	3567	0	0	10	21.6266	125	144
603	3569	3570	0	0	10	13.2406	69	87
604	3572	3573	0	0	10	24.9499	194	57
605	3575	3576	0	0	10	24.2809	68	99
606	3578	3579	0	0	10	20.8643	89	169
607	3581	3582	0	0	10	10.3991	113	174
608	3584	3614	0	0	10	15.899	16	6
609	3587	3588	0	0	10	30.9203	115	142
610	3590	3591	0	0	10	31.6332	113	136
611	3593	3594	0	0	10	24.1692	28	97
612	3596	3609	0	0	10	13.9572	37	200
613	3606	3600	0	0	10	18.7516	193	105
614	3602	3603	0	0	10	21.0863	33	58
615	3605	3606	0	0	10	32.5311	10	105
616	3608	3609	1	0	10	28.1424	200	186
617	3611	3612	0	0	10	28.1952	185	18
618	3614	3615	0	0	10	30.1507	191	6
619	3617	3618	0	0	10	31.2327	194	101
620	3620	3621	0	0	10	26.5726	23	95
Cells
id	A0	EdgeNumb	Type	xflag	yflag	Area	Pressure	Perimeter	Centerx	Centery	EdgeList	CWVertices	dEnergy
1	1319.88	6	0	0	0	1175.22	128.5	0.146141	227.314	344.821	1,2,3,4,6,601,	3563,3564,1794,2499,2498,2979,	quadratic
2	1519.57	6	0	0	0	1334.7	137.233	0.162211	340.668	86.9349	7,8,9,10,11,12,	2764,2762,2763,2760,2761,2765,	quadratic
3	1727.24	5	0	0	0	1438.8	144.991	0.222659	111.167	377.871	13,14,15,16,17,	3496,3350,3351,3349,3498,	quadratic
4	1393.43	5	0	0	0	1183.48	131.864	0.200895	287.755	238.382	18,19,20,21,22,	1784,1780,1781,1782,1783,	quadratic
5	1378.86	6	0	0	1	1294.28	137.745	0.0817917	400.819	492.122	23,24,25,26,27,28,	888,2135,1413,2141,376,886,	quadratic
6	1219.66	6	0	0	0	1114.65	128.093	0.114793	135.532	458.118	29,30,31,32,608,618,	3561,3584,3614,3615,3572,2184,	quadratic
7	1216.14	7	0	0	0	1173.92	131.76	0.0462874	417.75	192.467	33,34,35,36,37,38,39,	3199,2043,2660,2661,2668,2669,3198,	quadratic
8	1388.36	6	0	1	0	1267.68	134.717	0.115897	496.427	64.9065	40,41,42,43,44,45,	2750,1402,761,1396,2632,2751,	quadratic
9	1047.88	7	0	0	1	1018.92	118.981	0.036844	239.02	1.42146	46,47,48,49,50,51,52,	2181,324,798,797,3485,3486,2182,	quadratic
10	1295.35	7	0	0	0	1240.78	137.095	0.0561704	177.559	393.773	53,54,55,56,57,58,615,	3606,3605,3343,2998,3340,3342,3480,	quadratic
11	1186	5	0	0	0	958.325	119.886	0.255955	355.801	118.894	9,59,60,61,62,	2760,2763,2147,2148,2146,	quadratic
12	1603.22	7	0	0	0	1510.01	144.816	0.0775154	375.858	178.316	38,63,64,65,66,67,68,	2043,3199,3197,2145,1443,2209,2208,	quadratic
13	1477.19	6	0	0	0	1317.64	136.643	0.144019	64.0885	100.267	69,70,71,72,73,74,	2810,1406,1403,2740,2743,2811,	quadratic
14	1134.68	7	0	0	0	1050.05	126.353	0.0994502	77.1108	295.21	75,76,77,78,79,80,81,	3326,2999,2971,3317,3318,2973,3325,	quadratic
15	1088.41	7	0	0	0	1066.85	124.494	0.0264026	427.091	242.611	36,82,83,84,85,86,87,	2661,2660,2662,2666,2665,2663,2664,	quadratic
16	1478.5	6	0	0	0	1358.58	139.763	0.108151	164.925	428.37	54,88,89,90,92,608,	3342,3340,3550,3614,3584,3341,	quadratic
17	1375.54	7	0	1	0	1284.48	132.508	0.088265	2.435	315.703	93,94,95,96,97,98,99,	2974,2939,1999,1982,1984,2941,2975,	quadratic
18	1525.4	6	0	0	0	1362.12	138.963	0.142717	43.1079	373.388	100,101,102,103,104,617,	3322,2949,2948,3611,3612,3324,	quadratic
19	1277.81	5	0	0	0	1093.19	127.991	0.19265	487.06	220.238	105,106,107,108,109,	3575,2655,2657,2656,2658,	quadratic
20	1188.54	7	0	0	0	1162.34	126.101	0.0293893	414.423	107.929	110,111,112,113,114,115,116,	3195,2745,2746,3190,3189,2744,3196,	quadratic
21	1185.92	6	0	0	0	1059.82	126.826	0.141769	409.63	280.472	87,117,118,119,120,121,	2665,2666,1446,820,819,821,	quadratic
22	929.532	6	0	0	0	805.545	108.932	0.177849	297.469	271.543	19,122,123,124,125,126,	1782,1781,1101,1100,817,818,	quadratic
23	1223.83	5	0	0	0	1051.93	124.202	0.187278	369.41	384.171	127,128,129,130,620,	892,890,3621,3620,893,	quadratic
24	1832.29	7	0	0	0	1716.45	156.797	0.0842959	356.951	248.917	131,132,133,134,135,136,137,	2211,824,822,823,1444,1445,2210,	quadratic
25	1447.09	5	0	0	0	1240.98	142.067	0.189906	430.579	143.923	33,115,138,139,140,	3198,2669,2670,2745,3195,	quadratic
26	1528.04	6	0	0	0	1376.36	143.186	0.132349	338.665	286.502	123,134,141,142,143,144,	818,817,815,816,823,822,	quadratic
27	1451.71	6	0	1	0	1287.73	136.093	0.150606	18.8765	454.612	145,146,147,148,149,150,	3558,3364,2546,3239,3353,3557,	quadratic
28	1533.12	6	0	0	0	1354.53	138.131	0.155317	91.6964	46.3117	151,152,153,154,155,611,	3594,3593,1408,1405,2794,3233,	quadratic
29	1563.87	5	0	0	0	1333.87	142.881	0.19609	114.349	239.992	156,157,158,159,160,	2970,1779,1093,2473,2972,	quadratic
30	944.334	6	0	0	0	853.334	114.048	0.128485	169.657	344.909	57,161,162,163,164,165,	3343,3605,3348,3347,3346,3345,	quadratic
31	1323.7	6	0	0	0	1165.19	131.766	0.159668	29.5572	114.516	70,169,170,171,172,173,	2743,2740,2741,2739,3566,3188,	quadratic
32	1119.23	5	0	0	0	977.002	119.581	0.169436	215.487	163.455	174,175,176,177,178,	318,3578,568,570,3581,	quadratic
33	1293.54	6	0	0	0	1165.77	128.707	0.131705	399.819	378.377	129,180,181,182,183,614,	890,892,1532,1535,3603,3602,	quadratic
34	1467.99	6	0	0	0	1351.79	139.233	0.105538	389.164	419.032	130,180,184,185,186,187,	892,893,889,887,1533,1532,	quadratic
35	1624.65	6	0	0	0	1476.18	145.697	0.121847	136.68	322.168	162,188,189,190,191,192,	3345,3346,2500,3000,3500,3499,	quadratic
36	1579.67	7	0	0	1	1541.98	155.112	0.0318133	314.705	23.3115	193,194,195,196,197,198,199,	2149,1410,2496,3337,801,804,2150,	quadratic
37	1567.01	6	0	1	0	1416.42	143.83	0.128134	502.657	271.023	97,200,201,202,203,612,	1999,2939,2969,3609,3596,1998,	quadratic
38	1510.14	6	0	0	1	1351.11	143.794	0.140413	194.107	487.878	46,205,206,207,208,209,	2182,3486,3489,3334,1431,2183,	quadratic
39	1647.07	7	0	0	0	1548.89	149.014	0.079479	41.0873	200.456	210,211,212,213,214,215,216,	3311,2475,2132,2131,1778,1777,3312,	quadratic
40	1219.45	5	0	0	0	1018.39	125.378	0.219839	309.703	156.899	217,218,219,220,221,	2206,2204,2203,2205,2207,	quadratic
41	1319.64	5	0	0	0	1125.69	129.282	0.19597	49.9522	434.182	149,222,223,224,225,	3364,3558,3554,3493,3365,	quadratic
42	1567.24	5	0	1	0	1356.97	140.78	0.178884	505.871	99.3557	44,170,226,227,228,	1402,2750,2749,2739,2741,	quadratic
43	1408.07	6	0	0	0	1249.99	133.553	0.149685	141.45	401.146	14,55,88,229,230,231,	3349,3351,3549,3550,3340,2998,	quadratic
44	1467.21	5	0	0	1	1264.37	136.156	0.184334	368.348	487.33	27,232,233,234,235,	2135,888,1790,1792,2134,	quadratic
45	1329.52	8	0	0	0	1335.74	136.713	-0.00624004	126.548	280.332	79,159,189,236,237,238,239,240,	2971,2999,3000,2500,2477,2480,1779,2970,	quadratic
46	1316.87	6	0	0	0	1166.09	138.098	0.152659	228.226	46.1932	51,241,242,243,244,245,	324,2181,2179,325,814,811,	quadratic
47	1409.59	6	0	0	0	1330.91	136.308	0.0744255	149.215	172.907	246,247,248,249,250,251,	2817,2815,2812,2813,2814,2816,	quadratic
48	1725.9	5	0	0	0	1508.75	152.314	0.167755	328.552	436.476	252,253,254,255,256,	2493,1791,1110,2487,2495,	quadratic
49	1513.54	6	0	0	0	1324.16	137.634	0.166829	277.099	296.249	125,257,258,259,260,261,	1100,1101,1105,1106,1109,1108,	quadratic
50	1605.01	6	0	0	0	1358.19	142.222	0.205042	322.499	128.82	10,62,217,262,263,264,	2763,2762,802,2207,2205,2147,	quadratic
51	1304.33	5	0	0	0	1104.7	130.958	0.204069	233.901	385.496	1,265,266,267,268,	2979,2498,3600,3483,2977,	quadratic
52	1338.79	5	0	0	0	1149.7	129.758	0.188316	194.466	290.767	269,270,271,272,273,	2476,1785,1786,1099,2481,	quadratic
53	1031.31	6	0	0	0	896.645	120.278	0.174097	299.802	331.986	261,274,275,276,277,278,	1108,1109,2483,2484,1788,1107,	quadratic
54	1290.76	5	0	0	0	1107.86	128.978	0.188937	394.005	318.212	119,279,280,281,283,	819,820,3569,732,731,	quadratic
55	1375.81	6	0	0	0	1218.85	133.171	0.152118	63.2538	167.328	213,284,285,286,287,288,	2131,2132,2200,2201,3187,3185,	quadratic
56	1131.1	5	0	0	0	981.559	120.943	0.176281	199.489	112.723	289,290,291,292,293,	1438,1437,1436,1439,3582,	quadratic
57	1711.47	6	0	0	1	1555.09	151.556	0.121835	102.847	476.246	29,294,295,296,297,604,	2184,3572,3573,793,3459,3457,	quadratic
58	1269.62	7	0	0	0	1192.57	129.118	0.0809158	417.935	345.989	280,299,300,301,302,303,614,	731,732,3602,3603,734,735,736,	quadratic
59	1593.01	6	0	0	0	1544.97	149.509	0.040205	253.217	453.339	48,304,305,306,307,308,	3485,797,3335,2997,3333,3487,	quadratic
60	1340.52	6	0	0	0	1218.3	133.127	0.121567	378.437	92.0653	8,59,111,309,310,311,	2761,2760,2146,2744,3189,3194,	quadratic
61	1482.33	7	0	0	0	1419.45	140.434	0.0565583	265.27	209.313	21,312,313,314,315,316,317,	1780,1784,1095,1097,1096,1094,1098,	quadratic
62	1552.96	7	0	0	0	1456.38	145.559	0.0829233	313.159	213.714	22,136,317,318,319,320,321,	1784,1783,824,2211,2212,1442,1095,	quadratic
63	1200.37	5	0	0	0	982.662	122.356	0.24182	32.6727	342.565	93,103,322,323,324,	2975,2941,2949,3322,3323,	quadratic
64	1473.06	8	0	0	0	1529.14	147.076	-0.0507605	261.092	417.413	267,305,325,326,327,328,329,330,	2977,3483,3484,3333,2997,2494,2488,2978,	quadratic
65	1199.9	6	0	0	0	1097.39	125.571	0.113905	445.137	278.051	86,117,331,332,333,334,	2663,2665,821,730,1320,1319,	quadratic
66	1126.7	6	0	0	0	1005.29	118.114	0.143677	194.615	327.01	3,164,271,335,336,337,	2499,1794,1786,1785,3347,3348,	quadratic
67	1652.64	6	0	0	0	1432.47	146.49	0.177635	154.311	45.8582	338,339,340,341,342,343,	3232,2793,2176,2177,2178,3231,	quadratic
68	1358.74	7	0	1	0	1273.99	137.252	0.0831734	510.793	188.562	109,211,344,345,347,348,605,	3575,2658,1777,1778,2129,2130,3576,	quadratic
69	1416.7	7	0	0	0	1360.91	141.207	0.0525046	369.668	297.936	120,133,141,283,349,350,603,	820,1446,1444,823,816,3570,3569,	quadratic
70	1501.74	5	0	0	0	1276.01	137.145	0.20041	243.846	288.469	258,351,352,353,354,	1106,1105,1104,1102,1103,	quadratic
71	1241.7	6	0	0	0	1105.77	127.951	0.145956	70.5969	135.512	69,172,284,355,356,357,	2811,2743,3188,3187,2201,2806,	quadratic
72	1498.98	5	0	0	0	1258.96	135.97	0.213497	156.699	82.3603	341,358,359,360,361,	2176,2793,2796,795,796,	quadratic
73	1327.3	6	0	0	0	1204.81	132.858	0.123039	350.752	410.907	127,186,253,362,364,365,	893,3620,2486,2487,1110,889,	quadratic
74	1559.87	5	0	0	0	1287.89	139.483	0.232477	45.5656	315.454	75,99,323,366,367,	3325,2973,2974,2975,3323,	quadratic
75	1279.53	7	0	0	0	1215.68	130.781	0.066526	216.643	263.583	269,353,368,369,370,371,372,	2481,1099,1102,1104,574,1776,2482,	quadratic
76	1626.53	6	0	0	0	1546.14	149.662	0.0658956	397.429	66.5175	112,311,373,374,375,376,	3189,3190,3191,3192,3193,3194,	quadratic
77	1809.73	7	0	0	0	1736.94	155.985	0.0536218	172.79	259.562	238,273,372,377,378,379,380,	2480,2477,2476,2481,2482,2478,2479,	quadratic
78	1604.67	5	0	0	0	1346.97	141.72	0.214124	312.739	305.719	124,143,260,275,381,	817,1100,1108,1107,815,	quadratic
79	1316.27	8	0	0	1	1305.54	132.718	0.0108686	145.65	492.42	32,206,294,338,382,383,384,385,	3561,2184,3457,3458,3231,2178,1431,3334,	quadratic
80	1328.93	7	0	0	0	1230.17	131.768	0.0990955	71.5032	338.686	81,104,324,367,386,387,388,	3326,3325,3323,3322,3324,3495,3497,	quadratic
81	1202.76	7	0	0	0	1101.65	125.979	0.112086	254.739	325.929	257,274,351,389,390,391,601,	1109,1106,1103,3564,3563,2981,2483,	quadratic
82	1345.72	6	0	0	0	1194.97	130.122	0.149369	27.1788	80.2878	43,71,171,228,392,393,	761,1402,2741,2740,1403,1404,	quadratic
83	875.02	6	0	0	0	763.639	103.451	0.16972	348.037	152.628	61,66,218,262,394,395,	2148,2147,2205,2203,1443,2145,	quadratic
84	1027.65	6	0	0	0	905.295	116.422	0.158747	221.371	308.73	4,270,336,352,371,389,	1794,3564,1103,1102,1099,1786,	quadratic
85	1332.98	6	0	0	0	1188.19	131.966	0.144825	454.758	321.211	303,333,396,397,398,399,	736,735,1986,1983,1320,730,	quadratic
86	1116.42	5	0	0	0	938.929	121.679	0.211978	22.1522	170.343	212,287,344,400,401,	1778,2131,3185,3567,2129,	quadratic
87	1585.27	7	0	0	0	1534.06	146.017	0.0430704	372.073	346.138	128,181,281,301,402,403,603,	3621,890,3602,732,3569,3570,379,	quadratic
88	1650.49	6	0	0	0	1546.42	146.906	0.0840738	252.371	167.712	175,315,405,406,407,408,	570,568,1096,1097,573,572,	quadratic
89	1622.61	6	0	0	0	1499.58	144.793	0.101097	188.326	184.634	177,250,409,411,412,606,	3578,318,2815,2817,1773,3579,	quadratic
90	973.013	6	0	0	0	841.417	108.4	0.180328	124.156	67.4688	151,342,361,413,414,415,	3233,2794,2795,2796,2793,3232,	quadratic
91	1413.38	7	0	0	0	1336.39	138.362	0.0726247	312.166	60.373	12,193,416,417,418,419,420,	2764,2765,2150,804,803,806,807,	quadratic
92	1445.91	6	0	0	0	1334.85	137.002	0.102416	199.712	226.07	368,380,411,421,422,423,	2482,1776,1774,3579,1773,2478,	quadratic
93	1327.75	6	0	1	0	1202.9	132.532	0.125377	12.5367	422.925	148,222,424,425,426,427,	2546,3364,3365,3027,2491,1528,	quadratic
94	1543.99	6	0	0	0	1370.39	146.119	0.149919	259.79	374.567	6,266,325,391,428,429,	3563,2979,2977,2978,2976,2981,	quadratic
95	1330.82	6	0	0	0	1241.46	134.819	0.0895277	338.596	373.941	362,402,430,431,432,620,	2486,3620,3621,379,1787,2485,	quadratic
96	1353.76	6	0	0	0	1244.86	134.02	0.107255	287.938	179.379	220,316,319,408,433,434,	2204,2206,573,1097,1095,1442,	quadratic
97	1249.45	5	0	0	1	1050.76	128.479	0.212027	103.827	13.1318	295,385,435,436,611,	3457,3459,3593,3594,3458,	quadratic
98	1499.74	6	0	0	0	1286.16	138.76	0.189876	28.5198	288.184	76,98,201,366,437,438,	2973,3318,3319,2969,2939,2974,	quadratic
99	1452.34	5	0	0	0	1207.46	132.776	0.224814	475.416	190.512	108,439,440,441,605,	2655,3575,3576,3120,2667,	quadratic
100	990.756	6	0	0	0	889.325	112.694	0.136504	490.568	378.836	442,443,444,445,446,447,	2990,1985,1987,742,1526,2991,	quadratic
101	1526.01	6	0	0	0	1359.31	140.463	0.145655	94.0746	408.217	15,229,448,449,450,619,	3351,3350,3025,3617,3618,3549,	quadratic
102	1213.7	7	0	0	0	1167.48	126.957	0.0507785	123.763	201.292	157,246,451,452,453,454,455,	2473,1093,1092,2816,2814,2202,2474,	quadratic
103	1382.6	5	0	0	0	1114.85	135.125	0.258208	307.491	102.414	11,264,416,456,457,	2762,2764,807,808,802,	quadratic
104	1299.26	6	0	0	0	1172.64	129.465	0.129933	486.322	337.277	95,399,445,458,459,460,	1984,1982,1983,1986,1987,1985,	quadratic
105	1714.4	6	0	0	0	1540.69	147.195	0.135098	198.698	366.539	2,165,265,337,613,615,	2498,2499,3348,3605,3606,3600,	quadratic
106	1591.74	6	0	0	0	1470.77	146.583	0.101334	176.183	459.138	31,90,207,382,462,463,	3584,3561,3334,3489,3488,3341,	quadratic
107	1491.24	5	0	0	0	1257.7	139.577	0.208814	210.074	26.2104	52,209,245,464,465,	2181,2182,2183,2180,2179,	quadratic
108	1050.27	6	0	0	0	940.25	117.602	0.139672	220.354	90.9949	243,292,466,467,468,470,	814,325,1437,1438,3590,813,	quadratic
109	1377.6	8	0	0	1	1348.86	138.371	0.0278138	64.5786	18.88	154,296,436,472,473,474,475,476,	1408,3593,3459,793,794,792,791,1407,	quadratic
110	1206.85	8	0	0	0	1201.39	128.157	0.00603304	276.643	137.677	221,263,407,434,456,477,478,479,	2206,2207,802,808,809,3591,572,573,	quadratic
111	1477.37	6	0	0	1	1360.1	141.291	0.10583	471.128	3.36786	480,481,482,483,484,485,	3238,2240,2241,2144,2631,2753,	quadratic
112	1535.76	8	0	0	0	1494.12	143.378	0.036154	192.046	70.4405	244,291,340,358,464,466,486,487,	325,2179,2180,2177,2176,796,1436,1437,	quadratic
113	1526.79	7	0	0	0	1464.22	144.261	0.0546453	229.622	132.788	174,293,406,470,477,607,610,	3581,570,572,3591,3590,1438,3582,	quadratic
114	1280.42	5	0	0	0	1036.41	123.721	0.254093	55.2153	267.337	77,438,488,489,490,	3318,3317,3321,3320,3319,	quadratic
115	1426.83	5	0	0	0	1257.2	135.884	0.158514	454.046	466.135	483,491,492,493,609,	2241,2240,3588,3587,2238,	quadratic
116	1174.91	5	0	0	0	986.34	120.283	0.213992	432.083	377.109	182,300,494,495,496,	3603,1535,1536,179,734,	quadratic
117	1440.63	6	0	1	0	1278.67	134.347	0.149903	4.49106	358.67	94,102,322,446,459,497,	2941,1984,1985,2990,2948,2949,	quadratic
118	1373.15	5	0	0	0	1200.32	132.297	0.167815	234.16	231.064	313,369,423,498,499,	1098,1094,1774,1776,574,	quadratic
119	1141.91	6	0	1	0	1032.18	122.346	0.128119	10.908	393.808	101,426,447,497,500,502,	3611,2948,2990,2991,2491,3027,	quadratic
120	1482.16	5	0	0	1	1234.06	136.522	0.223189	36.4391	485.797	145,475,503,504,505,	3557,3353,787,792,794,	quadratic
121	1006.46	6	0	0	0	897.732	114.231	0.144042	76.2723	374.909	16,100,386,449,506,507,	3350,3496,3495,3324,3612,3025,	quadratic
122	1410.59	5	0	0	0	1220.97	133.498	0.179236	354.231	209.213	64,137,321,508,509,	2208,2209,2212,2211,2210,	quadratic
123	1502.3	4	0	0	0	1166.05	136.971	0.298435	279.187	349.914	278,390,428,510,	2484,2483,2981,2976,	quadratic
124	1237.49	6	0	0	0	1097.03	127.349	0.151346	84.0128	218.844	156,215,453,511,512,513,	2972,2473,2474,2475,3311,3313,	quadratic
125	1374.01	8	0	1	0	1349.35	144.893	0.0239362	502.907	134.768	169,226,348,400,514,515,516,602,	3566,2739,2749,2748,3118,2130,2129,3567,	quadratic
126	1882.02	6	0	0	0	1713.44	154.977	0.119431	426.092	414.187	183,187,496,517,518,519,	1535,1532,1533,1531,1534,1536,	quadratic
127	860.271	6	0	0	0	785.24	105.143	0.11629	492.353	413.518	425,442,500,520,521,522,	1528,2491,2991,1526,1527,1529,	quadratic
128	1523.63	5	0	0	0	1295.19	141.133	0.199903	337.414	466.3	235,255,523,524,525,	1792,1790,1791,2493,2497,	quadratic
129	1428.1	5	0	0	0	1266.36	136.942	0.15101	218.755	463.114	47,208,308,463,526,	3486,3485,3487,3488,3489,	quadratic
130	1371.48	6	0	1	0	1245.69	133.264	0.122292	494.564	31.7762	41,480,527,528,529,530,	2632,1396,1395,1399,2753,2631,	quadratic
131	1215.35	6	0	1	0	1078.28	129.846	0.150375	24.1664	49.7685	42,392,473,528,531,532,	1396,761,1404,1407,791,1395,	quadratic
132	1493.24	6	0	0	0	1419.8	147.436	0.0655718	304.908	412.137	252,327,365,432,533,534,	2495,2487,2486,2485,2488,2494,	quadratic
133	1485.5	7	0	0	0	1451.21	141.608	0.0307764	417.342	455.172	23,184,492,519,535,536,537,	886,376,2238,3587,1531,1533,887,	quadratic
134	1386.13	6	0	0	0	1250.43	135.152	0.130534	168.41	115.522	290,359,486,539,540,541,	1439,1436,796,795,1434,1435,	quadratic
135	1697.73	7	0	0	0	1655.69	154.738	0.0330148	370.906	30.5891	26,198,233,373,542,543,544,	1413,2135,2134,1410,2149,3193,3192,	quadratic
136	1268.38	6	0	0	0	1122.65	127.07	0.153201	250.997	106.773	468,478,545,546,547,610,	813,3590,3591,809,805,812,	quadratic
137	1524.42	6	0	0	0	1405.4	140.94	0.104104	447.317	215.781	35,84,107,439,548,549,	2668,2661,2664,2657,2655,2667,	quadratic
138	1302.32	6	0	0	0	1248.89	133.675	0.0547052	417.104	38.8031	25,374,544,550,551,552,	2141,1413,3192,3191,2133,2143,	quadratic
139	1926.26	7	0	0	0	1836.75	161.603	0.0619632	270.824	29.717	50,194,241,419,553,554,555,	798,324,811,810,803,804,801,	quadratic
140	1767.68	6	0	0	0	1567.78	151.052	0.150781	87.567	259.796	78,160,236,488,512,556,	3317,2971,2970,2972,3313,3321,	quadratic
141	1533.59	6	0	0	1	1442.21	143.658	0.0794445	434.362	6.25293	24,482,491,535,550,557,	376,2141,2143,2144,2241,2238,	quadratic
142	1329	6	0	0	0	1218.38	133.455	0.110987	460.21	433.168	518,521,537,558,559,609,	1534,1531,3587,3588,1529,1527,	quadratic
143	1517.15	6	0	0	0	1351.98	138.054	0.145159	458.807	358.615	299,396,444,460,494,560,	735,734,179,742,1987,1986,	quadratic
144	1543.45	5	0	0	0	1281.97	138.698	0.225887	33.7117	144.164	173,288,357,401,602,	3188,3566,3567,3185,3187,	quadratic
145	1500.45	5	0	0	0	1262.48	139.922	0.211468	176.76	24.7744	205,339,383,465,487,	2183,1431,2178,2177,2180,	quadratic
146	1533	6	0	0	0	1363.49	138.298	0.147434	95.5342	84.8467	73,152,414,561,562,563,	1406,2810,2809,2795,2794,1405,	quadratic
147	1900.86	7	0	0	0	1810.24	168.434	0.0635651	302.264	375.904	277,326,429,430,510,533,564,	1788,2484,2976,2978,2488,2485,1787,	quadratic
148	1659.6	6	0	0	0	1534.78	147.757	0.100282	162.621	212.369	251,379,412,421,451,565,	2817,2816,1092,2479,2478,1773,	quadratic
149	1490.56	6	0	0	0	1355.69	139.559	0.120646	103.018	125.518	74,355,563,566,567,568,	2810,2811,2806,2807,2808,2809,	quadratic
150	1414.49	6	0	0	0	1274.79	133.689	0.131686	59.5727	61.1706	72,153,393,472,532,561,	1403,1406,1405,1408,1407,1404,	quadratic
151	1652.39	7	0	0	0	1633.85	148.776	0.0149662	456.852	46.7113	40,481,529,551,557,569,570,	2751,2632,2631,2144,2143,2133,2752,	quadratic
152	1425.5	6	0	0	0	1345.12	141.6	0.0751755	469.6	91.0713	45,227,516,570,571,572,	2750,2751,2752,2747,2748,2749,	quadratic
153	1146.43	6	0	0	0	1076.56	127.107	0.0812642	352.315	56.3567	7,199,310,376,420,542,	2765,2761,3194,3193,2149,2150,	quadratic
154	1602.21	6	0	0	0	1431.16	143.641	0.142344	64.9158	467.074	150,225,297,476,505,573,	3558,3557,794,793,3573,3554,	quadratic
155	1554.55	6	0	0	0	1389.43	140.996	0.141628	145.587	362.811	13,56,161,191,230,574,	3498,3349,2998,3343,3345,3499,	quadratic
156	1403.68	5	0	0	0	1176.96	131.249	0.21535	320.785	250.917	18,122,135,144,318,	1783,1782,818,822,824,	quadratic
157	1260.64	6	0	0	0	1217.07	131.628	0.0460812	434.949	79.3803	113,375,552,569,572,575,	3190,2746,2747,2752,2133,3191,	quadratic
158	1257.32	7	0	0	0	1207.27	129.882	0.0530735	490.588	450.401	147,424,484,493,520,559,576,	3239,2546,1528,1529,3588,2240,3238,	quadratic
159	1614.53	5	0	0	0	1404.08	146.154	0.173791	481.056	154.568	347,441,514,577,578,	3576,2130,3118,3119,3120,	quadratic
160	1520.3	5	0	0	0	1294.64	143.715	0.197904	403.144	153.788	39,68,116,140,579,	3199,3198,3195,3196,3197,	quadratic
161	1515.24	6	0	0	0	1347.39	138.342	0.147698	130.989	106.355	360,413,541,562,566,580,	795,2796,2795,2809,2808,1434,	quadratic
162	1522.13	6	0	0	0	1357.42	139.299	0.144284	331.525	182.3	65,219,320,395,433,508,	2209,1443,2203,2204,1442,2212,	quadratic
163	1427.61	7	0	0	0	1370.63	139.745	0.0532202	375.795	450.707	28,185,232,254,364,523,536,	888,886,887,889,1110,1791,1790,	quadratic
164	1378.01	6	0	0	0	1235.63	130.957	0.13777	463.794	397.48	443,495,517,522,558,560,	1526,742,179,1536,1534,1527,	quadratic
165	1704.94	5	0	1	1	1428.04	146.736	0.216547	21.4392	20.8546	474,503,527,531,581,	791,792,787,1399,1395,	quadratic
166	1538.76	5	0	0	0	1289.56	137.845	0.215931	425.741	309.009	118,279,302,334,397,	821,819,731,736,730,	quadratic
167	1398.73	7	0	0	0	1350.48	138.001	0.0459952	109.446	161.614	247,285,356,455,568,582,583,	2814,2813,2807,2806,2201,2200,2202,	quadratic
168	1438.93	5	0	0	1	1327.36	140.896	0.103386	275.309	487.167	49,195,307,553,584,	797,798,801,3337,3335,	quadratic
169	1248.37	6	0	0	0	1141.25	126.241	0.114412	226.735	196.715	176,314,405,422,498,606,	568,3578,3579,1774,1094,1096,	quadratic
170	1357.36	7	0	0	0	1268.42	134.793	0.0873709	259.296	255.809	20,126,259,312,354,370,499,	1781,1780,1098,574,1104,1105,1101,	quadratic
171	1209.27	5	0	0	0	986.766	122.209	0.24533	125.097	32.8307	155,343,384,415,435,	3594,3233,3232,3231,3458,	quadratic
172	1025.83	6	0	0	0	953.239	116.39	0.0943527	141.454	141.742	248,540,567,580,583,585,	2813,2812,1435,1434,2808,2807,	quadratic
173	1329.2	5	0	0	1	1158.02	138.655	0.171708	332.347	3.15351	197,234,524,543,586,	2496,1410,2134,1792,2497,	quadratic
174	1311.41	7	0	0	0	1269.98	133.53	0.0421184	183.014	146.637	178,249,289,409,539,585,607,	318,3581,3582,1439,1435,2812,2815,	quadratic
175	1371.27	5	0	0	0	1188.26	132.768	0.177951	102.392	311.988	80,188,240,387,587,	2999,3326,3497,3500,3000,	quadratic
176	1369.08	6	0	0	0	1215.61	137.305	0.149465	448.119	170.905	34,139,440,549,577,588,	2669,2668,2667,3120,3119,2670,	quadratic
177	1820.76	5	0	0	0	1493.12	150.583	0.239924	275.451	69.092	418,545,554,589,590,	806,803,810,812,805,	quadratic
178	1601.32	7	0	0	0	1541.38	148.642	0.0499101	468.728	251.73	85,106,203,331,548,591,593,	2664,2663,1319,1998,3596,2656,2657,	quadratic
179	1384.88	6	0	0	0	1267.39	134.739	0.113111	478.397	295.24	96,202,332,398,458,593,	1982,1999,1998,1319,1320,1983,	quadratic
180	1506.1	6	0	1	1	1346.97	137.587	0.140872	505.528	484.698	146,485,504,530,576,581,	3353,3239,3238,2753,1399,787,	quadratic
181	1301.85	7	0	0	0	1269.26	134.5	0.0333786	337.935	333.525	142,276,349,381,403,431,564,	816,815,1107,1788,1787,379,3570,	quadratic
182	1359.16	7	0	0	0	1324.63	139.703	0.0338738	455.087	120.33	114,138,515,571,575,578,588,	2746,2745,2670,3119,3118,2748,2747,	quadratic
183	1528.6	6	0	0	0	1404.52	143.284	0.108226	162.846	302.166	163,190,239,272,335,377,	3346,3347,1785,2476,2477,2500,	quadratic
184	1816.43	6	0	0	0	1683.39	153.791	0.0976572	393.011	219.44	37,63,83,131,509,594,	2660,2043,2208,2210,1445,2662,	quadratic
185	1197.38	7	0	0	0	1132.61	129.535	0.0721194	53.557	405.324	223,427,448,502,506,595,617,	3365,3493,3617,3025,3612,3611,3027,	quadratic
186	1406.61	5	0	1	0	1156	130.135	0.237557	21.089	253.35	200,437,489,597,616,	3609,2969,3319,3320,3608,	quadratic
187	1182.96	5	0	0	0	946.739	127.034	0.266249	281.795	101.718	417,457,479,546,589,	807,806,805,809,808,	quadratic
188	1212.26	7	0	0	0	1178.67	135.303	0.0369496	210.589	431.269	53,89,304,329,462,526,598,	3480,3342,3341,3488,3487,3333,3484,	quadratic
189	1275.49	5	0	0	0	1040.37	128.324	0.245784	244.008	68.192	242,467,547,555,590,	811,814,813,812,810,	quadratic
190	1471.23	5	0	0	0	1271.49	138.186	0.181017	88.1972	189.136	214,286,454,511,582,	2132,2475,2474,2202,2200,	quadratic
191	1159.77	5	0	0	0	977.107	120.152	0.209997	124.443	430.199	92,231,450,599,618,	3614,3550,3549,3618,3615,	quadratic
192	1473.53	6	0	0	0	1296.22	139.781	0.160443	380.594	132.964	60,67,110,309,394,579,	2146,2148,2145,3197,3196,2744,	quadratic
193	1228.71	5	0	0	0	1071.5	130.673	0.170591	214.938	405.949	58,268,330,598,613,	3606,3480,3484,3483,3600,	quadratic
194	1219.26	7	0	0	0	1150.92	131.853	0.074727	89.7193	439.938	30,224,573,595,599,604,619,	3572,3615,3618,3617,3493,3554,3573,	quadratic
195	1452.78	5	0	0	0	1270.59	138.554	0.167216	393.006	258.043	82,121,132,350,594,	2666,2662,1445,1444,1446,	quadratic
196	1492.74	6	0	0	0	1316.22	139.801	0.157672	48.2247	232.01	216,490,513,556,597,600,	3311,3312,3608,3320,3321,3313,	quadratic
197	1585.57	8	0	0	0	1622.91	157.069	-0.0313949	294.121	458.16	196,256,306,328,525,534,584,586,	3337,2496,2497,2493,2495,2494,2997,3335,	quadratic
198	1201.13	6	0	0	0	1059.64	124.374	0.157062	105.212	345.642	17,192,388,507,574,587,	3496,3498,3499,3500,3497,3495,	quadratic
199	1301.45	5	0	0	0	1127.45	134.079	0.17826	142.893	241.115	158,237,378,452,565,	1093,1779,2480,2479,1092,	quadratic
200	1002.67	7	0	1	0	950.541	120.907	0.0693199	4.38207	227.961	105,210,345,591,600,612,616,	2658,2656,3596,3609,3608,3312,1777,	quadratic
End

